5
8
16
19
21
23
27
28
32
88
97
100
106
117
127
142
149
150
154
165
172
178
179
180
187
188
191
199
206
207
210
216
217
220
221
231
235
240
243
244
245
255
256
262
266
291
297
315
318
341
343
351
381
391
393
402
406
412
414
420
422
425
429
434
444
448
451
458
459
460
465
485
489
505
507
512
518
520
527
528
533
534
537
540
541
543
552
565
569
577
593
594
605
609
614
616
619
623
635
637
644
645
646
651
653
656
668
673
676
679
686
692
697
712
718
722
739
745
765
776
787
789
790
791
796
799
809
824
832
833
845
846
857
859
883
885
887
895
901
911
914
918
930
956
960
961
967
981
1015
1023
1027
1030
1033
1035
1045
1055
1058
1059
1063
1065
1078
1085
1093
1099
1116
1129
1145
1159
1166
1172
1218
1243
1244
1246
1258
1263
1281
1285
1291
1313
1318
1319
1324
1336
1339
1356
1366
1373
1406
1462
1474
1479
1480
1483
1484
1485
1486
1544
1555
1559
1565
1568
1572
1574
1581
1586
1587
1591
1594
1611
1612
1615
1616
1618
1638
1641
1642
1645
1651
1656
1693
1707
1708
1710
1725
1727
1731
1734
1735
1737
1745
1746
1749
1750
1776
1784
1788
1789
1796
1799
1820
1831
1842
1847
1854
1865
1899
1910
1914
1922
1923
1924
1925
1930
1941
1957
1962
1980
1981
1986
1996
2010
2020
2022
2025
2042
2062
2065
2066
2104
2117
2121
2133
2135
2141
2153
2157
2171
2172
2174
2177
2180
2192
2198
2216
2226
2234
2243
2257
2283
2285
2290
2300
2305
2321
2325
2335
2361
2362
2363
2369
2373
2377
2378
2386
2389
2391
2421
2429
2436
2438
2443
2457
2461
2484
2486
2488
2489
2493
2495
2496
2504
2511
2519
2525
2527
2528
2535
2543
2557
2559
2582
2592
2617
2626
2631
2637
2639
2640
2647
2651
2655
2656
2658
2663
2665
2670
2679
2686
2691
2696
2698
2719
2741
2750
2751
2752
2755
2764
2777
2778
2787
2796
2802
2804
2805
2806
2807
2812
2817
2819
2835
2858
2863
2867
2901
2905
2928
2929
2972
3002
3003
3005
3020
3026
3061
3080
3086
3119
3140
3144
3157
3175
3178
3183
3184
3207
3216
3224
3226
3228
3229
3246
3247
3273
3280
3281
3284
3285
3286
3289
3293
3294
3300
3306
3309
3314
3315
3316
3318
3320
3328
3345
3365
3371
3392
3403
3409
3419
3429
3437
3455
3475
3478
3491
3497
3500
3507
3523
3526
3541
3548
3556
3560
3573
3585
3602
3621
3632
3634
3641
3642
3643
3652
3653
3656
3658
3666
3668
3679
3686
3692
3693
3707
3712
3713
3719
3720
3724
3726
3758
3761
3780
3792
3807
3828
3831
3833
3834
3854
3863
3865
3878
3880
3893
3916
3918
3934
3935
3937
3945
3946
3951
3955
3959
3970
3993
4004
4005
4009
4016
4026
4037
4044
4051
4052
4057
4063
4071
4074
4075
4106
4109
4115
4125
4139
4153
4162
4179
4181
4199
4204
4211
4221
4225
4234
4242
4244
4248
4256
4270
4275
4299
4311
4331
4335
4339
4351
4357
4358
4361
4372
4402
4409
4419
4422
4434
4448
4499
4515
4519
4524
4527
4532
4536
4538
4539
4564
4571
4578
4589
4594
4598
4602
4627
4628
4636
4644
4647
4657
4663
4664
4669
4671
4684
4687
4690
4692
4695
4698
4701
4713
4737
4753
4768
4774
4782
4805
4817
4823
4826
4835
4857
4875
4877
4878
4894
4895
4917
4918
4941
4942
4973
4992
5000
5009
5010
5015
5020
5023
5027
5032
5037
5054
5060
5074
5088
5095
5128
5129
5134
5136
5139
5143
5148
5150
5155
5158
5159
5167
5185
5189
5193
5201
5204
5205
5206
5208
5221
5224
5231
5237
5243
5251
5271
5273
5275
5279
5280
5296
5297
5302
5303
5309
5311
5318
5337
5343
5367
5373
5383
5385
5392
5398
5406
5409
5419
5425
5436
5445
5451
5466
5471
5472
5475
5480
5483
5484
5488
5490
5498
5501
5502
5504
5507
5512
5516
5518
5530
5539
5573
5574
5585
5595
5597
5631
5636
5639
5641
5644
5650
5655
5657
5660
5661
5666
5667
5672
5674
5679
5688
5708
5709
5713
5736
5753
5762
5774
5779
5807
5808
5809
5812
5826
5827
5834
5836
5838
5839
5841
5845
5853
5856
5862
5867
5869
5870
5872
5875
5877
5879
5880
5881
5882
5887
5892
5898
5916
5939
5954
5957
5958
5982
5988
5989
6001
6026
6027
6037
6044
6048
6050
6073
6079
6090
6126
6130
6133
6140
6144
6149
6150
6156
6168
6179
6180
6183
6196
6211
6221
6229
6234
6235
6253
6255
6259
6274
6275
6278
6279
6283
6287
6291
6292
6293
6334
6337
6358
6359
6360
6374
6385
6389
6396
6399
6414
6415
6417
6428
6447
6456
6468
6469
6470
6471
6472
6481
6484
6486
6489
6497
6511
6517
6522
6525
6547
6556
6566
6570
6583
6584
6585
6597
6606
6638
6640
6645
6651
6652
6660
6667
6668
6670
6698
6708
6725
6745
6778
6779
6780
6787
6789
6793
6797
6804
6805
6807
6813
6821
6823
6838
6853
6861
6862
6866
6871
6875
6890
6895
6896
6906
6909
6912
6913
6924
6958
6966
6970
6993
6998
7002
7023
7053
7054
7055
7056
7057
7076
7080
7085
7111
7112
7122
7128
7129
7130
7134
7148
7168
7176
7179
7188
7211
7213
7217
7224
7225
7233
7238
7240
7244
7245
7246
7252
7257
7258
7260
7262
7268
7275
7281
7282
7293
7325
7338
7347
7358
7366
7378
7381
7383
7384
7396
7408
7409
7417
7420
7422
7424
7430
7432
7433
7435
7440
7454
7458
7460
7463
7468
7470
7477
7504
7520
7533
7559
7566
7570
7579
7581
7586
7607
7623
7639
7652
7654
7655
7663
7667
7673
7676
7697
7707
7712
7717
7721
7723
7727
7730
7731
7733
7735
7736
7738
7756
7757
7764
7768
7770
7775
7782
7790
7792
7808
7833
7862
7892
7948
7958
7970
7973
7989
8004
8011
8031
8039
8041
8043
8045
8063
8064
8078
8079
8082
8083
8105
8106
8145
8146
8161
8168
8181
8199
8201
8215
8223
8240
8248
8258
8263
8269
8273
8276
8279
8283
8294
8312
8322
8323
8331
8334
8335
8341
8349
8352
8354
8359
8373
8374
8380
8384
8385
8390
8391
8393
8396
8401
8431
8433
8441
8444
8466
8510
8516
8518
8533
8546
8547
8555
8561
8567
8571
8581
8590
8591
8594
8596
8613
8618
8633
8635
8638
8643
8644
8647
8656
8658
8660
8661
8662
8664
8681
8701
8761
8773
8792
8794
8800
8815
8820
8825
8867
8878
8886
8896
8898
8903
8907
8911
8912
8918
8922
8936
8937
8945
8950
8957
8967
8973
8974
8978
8994
9001
9008
9011
9018
9024
9071
9074
9083
9090
9092
9104
9105
9109
9159
9160
9178
9185
9195
9198
9223
9236
9240
9244
9247
9253
9255
9258
9263
9265
9274
9276
9281
9283
9289
9302
9306
9343
9352
9365
9382
9387
9391
9400
9403
9415
9422
9430
9431
9446
9471
9473
9497
9505
9513
9516
9522
9528
9540
9543
9544
9549
9553
9555
9557
9558
9561
9563
9588
9594
9600
9606
9608
9616
9625
9645
9653
9672
9678
9682
9690
9692
9696
9704
9728
9733
9735
9741
9758
9767
9778
9797
9799
9819
9832
9837
9846
9853
9858
9859
9861
9863
9870
9873
9880
9893
9936
9938
9945
9948
9957
9968
9973
9995
9997
10014
10022
10035
10041
10043
10044
10050
10051
10053
10065
10067
10082
10092
10102
10115
10124
10127
10130
10135
10137
10139
10157
10170
10172
10175
10181
10199
10203
10212
10215
10216
10226
10248
10281
10285
10310
10311
10315
10319
10323
10327
10328
10334
10336
10360
10375
10392
10395
10396
10398
10417
10422
10430
10434
10438
10439
10448
10453
10457
10466
10482
10486
10504
10508
10510
10523
10536
10559
10574
10575
10585
10599
10600
10608
10613
10642
10655
10669
10675
10676
10682
10683
10688
10699
10726
10759
10767
10775
10792
10793
10805
10809
10819
10827
10828
10830
10833
10835
10836
10843
10846
10855
10856
10863
10864
10877
10878
10895
10903
10919
10929
10944
10955
10957
11002
11031
11039
11044
11049
11064
11067
11073
11076
11085
11092
11095
11100
11107
11124
11127
11157
11161
11180
11187
11206
11220
11221
11233
11241
11245
11255
11260
11293
11301
11302
11310
11311
11313
11315
11316
11317
11322
11325
11326
11329
11333
11337
11338
11353
11357
11358
11367
11379
11381
11398
11401
11420
11421
11437
11441
11446
11453
11486
11489
11496
11500
11516
11522
11525
11528
11546
11551
11556
11559
11577
11623
11624
11630
11641
11645
11657
11660
11673
11680
11690
11705
11709
11723
11750
11751
11754
11783
11787
11789
11807
11812
11816
11822
11828
11833
11843
11878
11880
11881
11916
11917
11927
11938
11949
11955
11959
11963
11965
11980
11989
11991
11994
12000
12016
12025
12027
12042
12055
12056
12057
12058
12073
12090
12094
12107
12112
12117
12119
12122
12123
12142
12161
12175
12179
12200
12202
12212
12220
12221
12224
12237
12251
12278
12279
12280
12283
12306
12314
12317
12322
12339
12340
12346
12353
12367
12388
12395
12415
12419
12421
12422
12433
12439
12441
12442
12444
12450
12463
12466
12476
12479
12484
12486
12495
12497
12501
12504
12507
12526
12528
12560
12562
12566
12579
12587
12602
12603
12612
12637
12639
12641
12642
12645
12646
12647
12654
12658
12663
12683
12688
12690
12702
12706
12732
12742
12743
12752
12765
12767
12810
12817
12820
12825
12826
12828
12834
12844
12846
12848
12853
12856
12864
12869
12871
12877
12879
12882
12883
12885
12886
12888
12890
12891
12892
12906
12909
12925
12931
12932
12966
12984
12988
12996
12997
13022
13024
13034
13042
13043
13057
13063
13067
13076
13079
13080
13082
13084
13085
13096
13109
13114
13115
13129
13130
13134
13137
13138
13141
13145
13147
13148
13149
13150
13154
13158
13161
13173
13183
13189
13191
13203
13204
13229
13234
13240
13245
13269
13270
13277
13281
13292
13297
13298
13311
13315
13336
13337
13342
13344
13353
13358
13363
13382
13389
13399
13412
13418
13419
13424
13427
13431
13433
13435
13439
13442
13443
13445
13447
13450
13455
13478
13483
13491
13523
13525
13530
13541
13546
13549
13554
13555
13560
13563
13567
13569
13573
13597
13604
13615
13617
13624
13627
13635
13645
13648
13654
13661
13666
13669
13673
13682
13711
13716
13717
13731
13736
13737
13743
13759
13762
13765
13783
13802
13805
13819
13826
13835
13837
13855
13857
13858
13866
13880
13886
13904
13919
13920
13945
13978
13979
13980
13991
13995
13996
14005
14006
14013
14020
14031
14033
14040
14043
14052
14061
14068
14072
14084
14088
14092
14095
14102
14128
14150
14151
14158
14172
14182
14193
14194
14198
14204
14207
14214
14219
14234
14236
14244
14262
14274
14316
14353
14407
14430
14431
14435
14437
14442
14445
14448
14464
14488
14495
14496
14504
14509
14524
14529
14530
14531
14533
14558
14560
14563
14564
14565
14566
14578
14584
14587
14602
14606
14611
14623
14640
14643
14665
14688
14691
14710
14711
14715
14727
14728
14731
14734
14739
14742
14743
14745
14749
14756
14758
14782
14783
14809
14828
14829
14846
14850
14859
14861
14866
14871
14879
14886
14887
14902
14909
14910
14917
14927
14930
14954
14957
14963
14966
14977
14983
14991
15001
15005
15013
15030
15034
15062
15066
15072
15075
15076
15078
15084
15103
15104
15107
15111
15113
15116
15123
15138
15143
15159
15160
15168
15172
15182
15190
15192
15227
15229
15242
15254
15255
15258
15277
15281
15284
15288
15289
15300
15301
15303
15304
15313
15359
15379
15382
15406
15441
15442
15443
15444
15447
15448
15449
15455
15458
15460
15465
15473
15479
15480
15481
15484
15487
15493
15524
15532
15534
15535
15543
15545
15546
15547
15550
15563
15570
15588
15593
15624
15646
15664
15676
15686
15691
15693
15708
15737
15741
15742
15746
15750
15751
15776
15779
15791
15792
15794
15795
15811
15825
15831
15856
15861
15862
15873
15899
15903
15919
15921
15924
15943
15945
15947
15950
15969
15975
15977
15999
16005
16008
16013
16018
16022
16025
16029
16032
16042
16057
16076
16096
16103
16107
16108
16109
16135
16161
16167
16170
16171
16175
16176
16182
16214
16225
16230
16251
16260
16289
16292
16307
16314
16315
16320
16325
16327
16330
16331
16336
16338
16339
16344
16347
16353
16357
16361
16364
16366
16385
16397
16411
16414
16443
16460
16484
16487
16490
16502
16513
16521
16526
16538
16556
16577
16583
16585
16593
16598
16606
16612
16618
16621
16623
16629
16630
16635
16644
16649
16655
16672
16676
16679
16708
16725
16736
16743
16747
16751
16767
16772
16782
16808
16814
16840
16843
16860
16862
16882
16885
16887
16888
16893
16905
16906
16909
16944
16955
16968
16988
17068
17070
17081
17083
17088
17089
17091
17092
17116
17118
17124
17137
17139
17141
17146
17148
17149
17154
17156
17161
17163
17164
17167
17182
17197
17198
17214
17221
17223
17230
17254
17287
17288
17291
17304
17310
17313
17322
17326
17335
17337
17343
17344
17353
17361
17402
17405
17409
17410
17414
17415
17418
17422
17424
17438
17439
17441
17443
17447
17449
17459
17463
17464
17472
17513
17522
17525
17528
17544
17557
17568
17569
17571
17573
17589
17594
17598
17600
17640
17656
17682
17684
17685
17687
17688
17696
17704
17709
17721
17726
17737
17749
17759
17784
17798
17810
17812
17816
17827
17828
17829
17846
17850
17852
17855
17857
17874
17881
17889
17891
17893
17909
17920
17923
17924
17943
17947
17948
17951
17957
17966
17994
18008
18009
18011
18021
18027
18030
18031
18040
18044
18045
18052
18053
18066
18070
18099
18101
18123
18124
18133
18141
18144
18156
18207
18210
18214
18217
18220
18221
18223
18228
18243
18247
18267
18290
18293
18302
18315
18317
18334
18338
18339
18340
18343
18357
18359
18363
18377
18378
18389
18408
18410
18415
18423
18440
18443
18446
18458
18464
18467
18468
18471
18481
18508
18513
18535
18538
18540
18541
18549
18554
18575
18589
18603
18626
18629
18630
18635
18637
18657
18662
18685
18690
18698
18717
18718
18720
18736
18746
18747
18773
18776
18778
18783
18787
18797
18805
18809
18832
18839
18855
18864
18865
18881
18883
18885
18887
18891
18915
18917
18934
18956
18957
18979
18994
19001
19004
19019
19021
19039
19058
19063
19069
19072
19073
19082
19083
19086
19105
19109
19135
19163
19168
19170
19171
19180
19181
19227
19240
19242
19247
19259
19304
19322
19333
19335
19341
19353
19371
19388
19393
19396
19402
19404
19407
19432
19443
19467
19470
19473
19474
19484
19497
19499
19504
19515
19536
19537
19544
19546
19548
19556
19560
19565
19570
19584
19591
19595
19617
19635
19636
19641
19644
19645
19651
19660
19678
19687
19690
19695
19700
19705
19708
19713
19724
19731
19733
19740
19754
19760
19777
19786
19794
19800
19804
19822
19836
19840
19849
19852
19862
19866
19873
19875
19882
19883
19908
19937
19953
19954
19976
19977
19983
19986
19990
19998
20002
20004
20032
20035
20053
20054
20055
20059
20063
20066
20072
20079
20080
20098
20114
20123
20124
20132
20153
20164
20193
20212
20240
20268
20270
20283
20287
20290
20294
20297
20302
20303
20304
20312
20321
20324
20326
20327
20338
20351
20352
20361
20366
20369
20377
20392
20394
20413
20428
20460
20461
20477
20482
20489
20492
20496
20509
20516
20517
20522
20553
20556
20559
20561
20563
20567
20569
20576
20624
20627
20639
20646
20667
20706
20723
20730
20748
20752
20754
20765
20777
20789
20797
20803
20804
20805
20807
20814
20817
20823
20830
20837
20853
20854
20862
20869
20874
20886
20896
20902
20910
20917
20920
20923
20928
20929
20948
20954
20987
20991
21015
21037
21043
21046
21052
21055
21057
21058
21059
21062
21066
21078
21098
21107
21138
21140
21149
21151
21155
21163
21170
21171
21174
21182
21184
21203
21214
21225
21226
21230
21231
21232
21236
21255
21265
21270
21300
21301
21313
21314
21317
21319
21325
21337
21339
21348
21351
21373
21374
21378
21382
21385
21388
21393
21394
21395
21400
21407
21412
21413
21416
21425
21433
21444
21453
21473
21482
21491
21497
21507
21516
21525
21527
21528
21558
21561
21571
21576
21581
21586
21592
21593
21617
21620
21622
21626
21660
21661
21664
21667
21672
21675
21680
21682
21685
21702
21704
21710
21718
21722
21723
21729
21738
21742
21743
21751
21755
21756
21763
21792
21797
21816
21817
21821
21824
21825
21827
21841
21847
21848
21858
21865
21867
21874
21878
21885
21887
21890
21901
21912
21915
21918
21919
21921
21951
21954
21959
21968
21971
21973
21978
21983
21999
22001
22022
22028
22048
22049
22052
22058
22078
22087
22091
22092
22094
22120
22125
22142
22144
22163
22166
22175
22185
22195
22203
22208
22213
22225
22238
22247
22257
22264
22271
22272
22273
22275
22281
22286
22301
22345
22352
22357
22364
22370
22374
22426
22432
22433
22436
22437
22443
22449
22454
22460
22462
22466
22470
22474
22491
22501
22513
22514
22521
22529
22530
22539
22546
22548
22556
22563
22573
22580
22596
22609
22614
22632
22658
22674
22677
22687
22690
22699
22700
22702
22710
22744
22753
22772
22774
22782
22783
22787
22788
22793
22797
22799
22816
22827
22849
22854
22863
22871
22882
22888
22889
22898
22909
22910
22913
22915
22919
22926
22946
22967
22978
22981
22982
22998
23002
23010
23015
23022
23026
23027
23034
23038
23042
23044
23067
23079
23096
23097
23105
23117
23124
23128
23152
23177
23181
23187
23201
23205
23209
23211
23227
23236
23246
23258
23268
23276
23304
23315
23320
23322
23326
23345
23358
23370
23372
23376
23377
23378
23380
23384
23388
23389
23391
23392
23395
23397
23398
23399
23400
23404
23406
23414
23418
23444
23453
23461
23472
23474
23494
23495
23498
23518
23521
23524
23557
23588
23596
23597
23600
23602
23604
23606
23607
23609
23616
23632
23639
23641
23644
23657
23680
23686
23691
23699
23701
23707
23709
23717
23724
23740
23746
23750
23764
23801
23802
23803
23818
23827
23830
23835
23848
23856
23868
23874
23876
23877
23894
23909
23910
23916
23925
23927
23952
23958
23963
23964
23965
23968
23974
23983
23988
23997
23998
24001
24018
24025
24028
24036
24051
24067
24068
24072
24077
24083
24092
24107
24115
24126
24140
24145
24187
24216
24218
24223
24228
24231
24232
24233
24236
24244
24245
24249
24251
24253
24254
24255
24263
24265
24270
24273
24274
24289
24295
24299
24300
24301
24302
24308
24327
24336
24345
24369
24383
24389
24394
24413
24426
24436
24441
24443
24444
24445
24446
24479
24484
24486
24491
24496
24511
24516
24517
24521
24530
24547
24548
24560
24569
24576
24586
24601
24610
24612
24620
24621
24622
24633
24664
24680
24686
24693
24705
24724
24743
24747
24748
24757
24759
24769
24770
24779
24781
24783
24801
24806
24807
24840
24858
24865
24867
24877
24880
24915
24932
24936
24942
24944
24947
24950
24953
24954
24973
24974
25003
25010
25014
25016
25018
25024
25030
25041
25044
25045
25050
25055
25087
25088
25090
25091
25092
25095
25101
25107
25129
25154
25160
25169
25174
25180
25186
25206
25220
25222
25230
25239
25241
25261
25271
25274
25281
25283
25295
25297
25304
25308
25316
25333
25340
25342
25356
25367
25385
25393
25406
25418
25432
25450
25465
25474
25494
25502
25511
25516
25520
25536
25557
25559
25566
25571
25574
25577
25583
25587
25591
25595
25596
25625
25634
25635
25639
25642
25645
25649
25678
25695
25701
25713
25719
25736
25740
25763
25783
25789
25822
25825
25829
25832
25836
25838
25841
25842
25845
25848
25854
25861
25863
25867
25881
25885
25896
25897
25922
25924
25937
25939
25972
25973
25987
25991
26004
26024
26026
26028
26029
26032
26036
26049
26064
26084
26086
26087
26092
26095
26098
26102
26104
26107
26111
26112
26116
26130
26134
26136
26144
26181
26191
26209
26215
26222
26226
26229
26242
26243
26246
26254
26257
26261
26262
26266
26267
26268
26282
26286
26294
26297
26301
26332
26338
26344
26352
26358
26362
26363
26388
26398
26402
26405
26413
26419
26421
26430
26432
26433
26434
26436
26476
26494
26534
26539
26543
26547
26550
26571
26573
26579
26596
26608
26616
26622
26626
26639
26655
26656
26667
26678
26702
26708
26710
26716
26741
26747
26756
26758
26765
26772
26774
26777
26785
26786
26787
26812
26832
26848
26852
26860
26864
26872
26901
26904
26914
26956
26957
26961
26962
26980
26982
26989
26999
27001
27003
27008
27018
27026
27033
27060
27076
27095
27109
27111
27118
27131
27135
27137
27146
27147
27154
27168
27206
27209
27212
27216
27220
27222
27225
27227
27228
27230
27231
27235
27238
27242
27244
27249
27266
27276
27289
27291
27304
27321
27333
27349
27350
27364
27365
27379
27390
27395
27408
27417
27429
27450
27454
27455
27456
27462
27463
27465
27469
27483
27496
27506
27509
27525
27529
27536
27540
27543
27548
27556
27575
27576
27578
27584
27593
27602
27611
27612
27614
27630
27632
27639
27640
27641
27642
27644
27654
27655
27657
27665
27666
27672
27676
27678
27723
27727
27729
27733
27736
27738
27745
27766
27768
27791
27801
27802
27815
27825
27827
27828
27843
27859
27861
27868
27883
27888
27889
27892
27898
27902
27933
27964
27972
27976
27979
27980
27983
27987
28004
28007
28034
28037
28041
28044
28049
28051
28052
28054
28056
28060
28064
28067
28074
28076
28077
28078
28079
28083
28091
28108
28120
28135
28145
28153
28174
28182
28183
28184
28186
28199
28216
28230
28250
28251
28267
28280
28286
28296
28298
28302
28303
28313
28316
28317
28323
28330
28331
28332
28333
28334
28339
28356
28382
28384
28394
28395
28424
28433
28438
28444
28495
28497
28501
28502
28535
28556
28560
28577
28581
28582
28592
28593
28595
28627
28629
28635
28637
28644
28660
28673
28700
28703
28722
28736
28761
28765
28768
28779
28785
28787
28798
28809
28824
28839
28842
28843
28845
28849
28852
28854
28863
28864
28866
28869
28876
28883
28895
28910
28918
28938
28941
28947
28956
28957
29009
29026
29036
29044
29046
29049
29059
29073
29084
29100
29110
29111
29121
29131
29134
29135
29136
29155
29157
29171
29187
29196
29197
29199
29210
29237
29244
29254
29255
29256
29267
29273
29278
29279
29282
29287
29289
29294
29299
29322
29332
29340
29342
29344
29349
29352
29373
29381
29383
29384
29389
29404
29417
29424
29430
29437
29453
29459
29478
29479
29489
29491
29492
29493
29496
29500
29530
29550
29560
29563
29564
29572
29577
29583
29602
29610
29613
29618
29627
29628
29635
29639
29642
29643
29651
29664
29670
29676
29699
29719
29724
29727
29746
29750
29752
29753
29758
29779
29785
29790
29793
29795
29797
29806
29807
29808
29819
29820
29827
29832
29847
29880
29899
29902
29903
29905
29934
29935
29953
29957
29962
29966
29973
29987
29994
30004
30006
30010
30032
30033
30037
30046
30062
30074
30077
30080
30083
30087
30088
30093
30095
30111
30112
30115
30133
30136
30139
30149
30152
30158
30159
30172
30193
30205
30227
30235
30250
30251
30258
30293
30314
30316
30318
30320
30343
30347
30348
30356
30372
30374
30381
30397
30403
30411
30417
30418
30419
30430
30451
30461
30488
30510
30527
30537
30541
30551
30556
30561
30562
30605
30611
30622
30625
30626
30633
30640
30657
30665
30666
30701
30714
30717
30721
30729
30730
30731
30735
30746
30751
30758
30762
30763
30766
30768
30777
30780
30783
30791
30793
30801
30809
30816
30834
30836
30841
30871
30877
30878
30881
30883
30906
30908
30916
30940
30942
30960
30970
30976
30980
31001
31004
31022
31037
31048
31052
31066
31068
31084
31102
31103
31105
31107
31119
31124
31136
31138
31150
31173
31176
31182
31185
31186
31198
31205
31212
31224
31228
31245
31269
31272
31310
31316
31318
31330
31359
31360
31361
31365
31367
31369
31379
31381
31382
31388
31400
31427
31431
31437
31464
31475
31492
31494
31500
31504
31507
31513
31514
31526
31545
31558
31564
31566
31572
31576
31606
31609
31635
31637
31656
31667
31675
31680
31692
31700
31707
31713
31714
31719
31723
31741
31742
31743
31752
31754
31761
31766
31773
31775
31784
31786
31787
31827
31834
31836
31854
31880
31888
31891
31898
31921
31926
31941
31946
31953
31966
31970
31973
31976
31984
31995
32004
32024
32026
32036
32037
32038
32044
32045
32047
32048
32072
32089
32092
32101
32108
32113
32156
32177
32193
32225
32238
32246
32251
32275
32280
32284
32296
32323
32327
32338
32339
32350
32365
32370
32374
32379
32384
32394
32398
32411
32439
32442
32473
32482
32524
32534
32554
32566
32569
32573
32594
32604
32623
32655
32694
32695
32697
32708
32710
32713
32714
32735
32736
32752
32758
32773
32775
32784
32787
32830
32832
32833
32834
32840
32846
32856
32864
32867
32870
32872
32873
32877
32896
32897
32905
32910
32921
32931
32944
32955
32963
32976
32985
32990
33000
33028
33033
33034
33036
33037
33039
33042
33053
33081
33089
33095
33097
33129
33131
33141
33144
33146
33147
33149
33151
33154
33156
33164
33170
33200
33205
33208
33236
33239
33245
33256
33261
33273
33294
33298
33307
33309
33313
33326
33333
33334
33339
33353
33360
33361
33371
33379
33390
33399
33404
33405
33407
33409
33410
33413
33420
33423
33445
33451
33472
33473
33478
33479
33488
33491
33521
33541
33543
33544
33545
33549
33555
33558
33561
33567
33573
33595
33601
33637
33639
33641
33643
33647
33660
33662
33667
33679
33683
33686
33688
33689
33693
33696
33698
33722
33728
33731
33735
33770
33773
33779
33807
33814
33817
33831
33836
33838
33842
33852
33859
33862
33875
33880
33881
33886
33888
33898
33900
33902
33909
33910
33918
33927
33933
33938
33950
33951
33968
33986
34057
34068
34071
34073
34075
34081
34105
34106
34110
34133
34135
34139
34153
34156
34180
34186
34199
34200
34229
34230
34233
34238
34243
34246
34247
34259
34267
34268
34271
34275
34276
34301
34307
34320
34322
34335
34338
34387
34391
34401
34422
34436
34437
34439
34443
34455
34456
34459
34461
34463
34466
34467
34474
34477
34483
34500
34502
34507
34509
34526
34562
34608
34617
34621
34641
34642
34645
34650
34655
34669
34703
34706
34707
34711
34719
34722
34725
34739
34740
34744
34764
34766
34781
34793
34831
34836
34871
34887
34890
34955
34957
34962
34969
34979
35004
35007
35011
35012
35013
35022
35030
35031
35037
35057
35068
35073
35084
35087
35091
35093
35095
35111
35116
35124
35128
35136
35150
35181
35203
35214
35259
35260
35280
35298
35302
35303
35329
35334
35336
35341
35345
35347
35348
35350
35352
35359
35363
35390
35416
35421
35438
35439
35455
35456
35461
35463
35468
35488
35489
35508
35509
35512
35514
35516
35528
35536
35539
35545
35552
35554
35570
35571
35576
35588
35617
35626
35629
35637
35650
35653
35658
35661
35675
35692
35697
35708
35722
35724
35731
35738
35747
35760
35779
35794
35811
35817
35833
35853
35854
35858
35860
35867
35895
35909
35912
35915
35918
35919
35920
35922
35932
35937
35946
35951
35980
35981
35990
35994
35996
36007
36019
36020
36021
36027
36030
36038
36042
36043
36046
36050
36054
36058
36066
36067
36071
36077
36099
36102
36130
36174
36209
36214
36217
36227
36229
36243
36252
36261
36262
36279
36283
36312
36314
36315
36333
36336
36340
36343
36350
36356
36357
36401
36411
36412
36424
36427
36445
36448
36477
36483
36505
36514
36523
36527
36531
36542
36544
36547
36556
36557
36597
36616
36620
36621
36626
36628
36631
36704
36717
36741
36775
36782
36788
36791
36799
36808
36813
36818
36819
36830
36838
36839
36843
36847
36848
36872
36879
36883
36887
36889
36895
36899
36919
36921
36922
36928
36930
36973
36976
36980
36992
37002
37017
37023
37034
37040
37043
37049
37054
37133
37135
37142
37146
37147
37148
37152
37160
37161
37166
37167
37174
37175
37179
37198
37204
37209
37212
37221
37226
37242
37258
37310
37311
37320
37326
37334
37352
37354
37355
37361
37366
37370
37373
37398
37402
37404
37413
37424
37433
37446
37454
37468
37471
37473
37481
37494
37502
37509
37518
37520
37521
37522
37524
37550
37551
37552
37559
37561
37567
37575
37616
37620
37624
37647
37687
37695
37706
37707
37712
37718
37719
37730
37734
37735
37747
37753
37780
37785
37793
37805
37829
37835
37836
37837
37848
37853
37854
37863
37880
37887
37902
37903
37906
37907
37908
37930
37970
37978
37981
37982
37984
37985
37999
38013
38022
38025
38037
38048
38051
38065
38086
38087
38103
38139
38140
38147
38151
38154
38155
38164
38170
38179
38187
38188
38190
38195
38197
38227
38261
38262
38271
38288
38302
38313
38317
38323
38329
38344
38349
38358
38398
38403
38438
38441
38459
38460
38461
38482
38487
38491
38494
38510
38512
38513
38523
38527
38531
38542
38576
38578
38592
38595
38599
38609
38614
38618
38653
38659
38662
38700
38729
38749
38756
38765
38766
38767
38813
38823
38827
38830
38839
38843
38854
38865
38871
38872
38879
38880
38881
38887
38888
38889
38895
38896
38898
38901
38902
38903
38911
38920
38934
38954
38956
38967
38971
38976
38987
38989
38996
39018
39020
39021
39028
39038
39041
39056
39061
39071
39081
39084
39118
39137
39148
39154
39156
39166
39168
39176
39188
39196
39207
39219
39231
39237
39251
39259
39270
39323
39325
39340
39347
39370
39371
39392
39408
39413
39414
39415
39432
39441
39450
39451
39457
39461
39500
39502
39550
39595
39620
39624
39632
39640
39648
39652
39680
39687
39693
39696
39702
39712
39713
39714
39718
39726
39727
39732
39756
39757
39786
39787
39797
39801
39803
39864
39875
39882
39891
39896
39903
39906
39909
39932
39944
39948
39955
39958
39959
39969
39975
40016
40017
40018
40027
40043
40047
40088
40101
40124
40162
40163
40169
40171
40197
40200
40203
40205
40223
40226
40234
40236
40238
40256
40258
40265
40274
40278
40283
40292
40295
40313
40333
40337
40348
40349
40360
40373
40374
40379
40393
40432
40433
40438
40440
40442
40444
40447
40455
40459
40467
40470
40490
40491
40492
40493
40494
40498
40505
40508
40511
40516
40522
40523
40533
40558
40559
40563
40575
40606
40609
40610
40617
40618
40619
40628
40635
40637
40661
40671
40681
40684
40686
40690
40703
40704
40713
40737
40742
40749
40760
40764
40767
40775
40776
40777
40785
40787
40800
40804
40807
40810
40818
40833
40847
40855
40867
40868
40883
40909
40925
40926
40927
40928
40946
40948
40961
40963
40966
40973
40977
40986
40998
41005
41012
41014
41028
41029
41039
41040
41043
41088
41091
41096
41106
41115
41145
41146
41165
41178
41182
41205
41210
41213
41221
41222
41227
41229
41230
41245
41291
41304
41306
41310
41319
41323
41367
41372
41383
41388
41391
41404
41411
41424
41426
41441
41444
41457
41465
41484
41512
41516
41524
41536
41539
41552
41557
41579
41585
41593
41594
41595
41598
41602
41603
41604
41607
41609
41611
41614
41619
41625
41627
41630
41634
41644
41661
41680
41691
41693
41696
41701
41702
41711
41717
41742
41760
41761
41776
41777
41785
41786
41788
41796
41802
41811
41812
41855
41860
41866
41867
41869
41879
41902
41904
41913
41920
41925
41927
41942
41964
41971
41981
41996
42000
42029
42030
42033
42039
42047
42053
42059
42068
42072
42091
42095
42096
42097
42099
42101
42104
42109
42110
42114
42121
42140
42161
42162
42172
42175
42198
42212
42221
42227
42228
42229
42230
42234
42237
42273
42275
42277
42280
42283
42306
42328
42344
42348
42349
42350
42353
42399
42400
42405
42406
42412
42427
42428
42431
42437
42440
42445
42460
42468
42475
42477
42478
42488
42494
42503
42513
42515
42531
42573
42590
42617
42618
42623
42625
42627
42628
42629
42646
42647
42670
42675
42676
42677
42680
42692
42693
42715
42764
42784
42808
42827
42832
42842
42852
42870
42871
42883
42916
42937
42939
42947
42949
42952
42954
42956
42957
42960
42972
42981
42982
42983
42987
42989
43001
43003
43016
43041
43056
43064
43076
43077
43078
43088
43105
43107
43110
43114
43116
43120
43181
43188
43195
43196
43197
43203
43204
43206
43254
43261
43270
43289
43291
43311
43314
43343
43348
43352
43372
43374
43387
43396
43398
43402
43403
43423
43433
43444
43448
43449
43450
43455
43459
43461
43466
43481
43482
43504
43538
43544
43553
43561
43571
43600
43606
43609
43615
43619
43644
43648
43649
43675
43687
43699
43702
43709
43722
43735
43738
43745
43746
43771
43773
43782
43783
43787
43794
43820
43826
43829
43831
43842
43858
43864
43876
43885
43892
43902
43931
43937
43943
43961
43974
43976
43977
43978
43979
43982
43985
43986
43988
44004
44008
44025
44029
44035
44038
44040
44059
44087
44124
44146
44176
44185
44187
44217
44227
44228
44232
44238
44249
44251
44253
44255
44262
44263
44265
44279
44280
44303
44309
44321
44326
44329
44334
44348
44363
44378
44398
44406
44423
44427
44431
44432
44436
44438
44448
44449
44454
44488
44510
44517
44532
44546
44556
44561
44563
44565
44574
44575
44576
44577
44588
44589
44610
44613
44627
44632
44633
44635
44636
44652
44665
44671
44706
44709
44710
44716
44724
44729
44739
44742
44755
44761
44762
44765
44771
44775
44793
44798
44802
44806
44809
44815
44816
44826
44829
44834
44863
44872
44877
44919
44921
44925
44931
44938
44940
44951
44960
44962
44996
44999
45005
45012
45025
45030
45036
45041
45053
45057
45068
45072
45102
45104
45111
45114
45119
45122
45125
45129
45142
45145
45172
45187
45190
45192
45199
45212
45214
45225
45248
45250
45271
45273
45289
45290
45294
45299
45315
45325
45326
45346
45356
45369
45372
45380
45392
45397
45415
45425
45430
45431
45434
45436
45468
45469
45473
45479
45503
45517
45534
45546
45561
45567
45571
45577
45585
45602
45604
45618
45634
45648
45666
45668
45697
45700
45709
45735
45737
45740
45757
45787
45791
45794
45796
45803
45808
45810
45812
45813
45815
45821
45826
45827
45845
45853
45875
45882
45888
45890
45909
45918
45926
45940
45942
45950
45960
45963
45972
45990
46042
46067
46075
46078
46091
46092
46093
46095
46121
46134
46139
46141
46142
46145
46174
46185
46212
46218
46219
46222
46223
46225
46227
46233
46268
46269
46277
46290
46304
46306
46307
46317
46318
46320
46321
46325
46329
46343
46380
46384
46398
46406
46407
46415
46424
46439
46452
46455
46471
46494
46496
46510
46516
46537
46539
46544
46548
46559
46567
46574
46575
46579
46604
46617
46632
46639
46691
46704
46708
46709
46710
46720
46725
46741
46764
46766
46769
46772
46794
46820
46821
46826
46836
46839
46847
46866
46878
46882
46889
46927
46930
46935
46941
46947
46949
46953
46964
46980
47008
47010
47014
47028
47041
47049
47050
47059
47062
47069
47072
47078
47082
47083
47085
47086
47091
47092
47100
47104
47105
47109
47114
47149
47161
47184
47185
47199
47203
47205
47208
47211
47234
47237
47240
47254
47258
47262
47264
47266
47276
47286
47300
47305
47313
47336
47341
47346
47347
47350
47362
47371
47373
47396
47400
47401
47422
47433
47471
47486
47508
47509
47514
47516
47542
47548
47549
47575
47576
47578
47579
47580
47597
47608
47609
47612
47613
47614
47615
47616
47620
47623
47636
47644
47646
47662
47676
47678
47680
47686
47701
47703
47718
47722
47723
47727
47737
47745
47755
47759
47772
47782
47786
47817
47818
47823
47832
47847
47865
47866
47871
47874
47876
47904
47921
47940
47945
47949
47959
48016
48024
48032
48041
48076
48087
48089
48094
48096
48115
48117
48119
48133
48180
48207
48208
48219
48266
48275
48302
48327
48346
48348
48352
48357
48360
48361
48366
48372
48374
48375
48387
48393
48402
48407
48415
48458
48460
48462
48466
48469
48473
48487
48496
48513
48520
48525
48528
48532
48534
48537
48540
48569
48587
48591
48624
48648
48652
48657
48664
48666
48677
48678
48682
48687
48689
48690
48699
48703
48704
48708
48728
48754
48788
48807
48810
48825
48835
48836
48841
48844
48857
48860
48863
48864
48867
48874
48880
48882
48906
48910
48913
48915
48916
48951
48952
48961
48966
48968
48975
48985
48989
48993
49077
49078
49095
49106
49108
49110
49116
49126
49127
49131
49138
49148
49153
49161
49199
49200
49202
49204
49227
49228
49229
49233
49240
49247
49248
49250
49269
49272
49273
49279
49303
49314
49319
49325
49328
49333
49352
49356
49371
49376
49389
49409
49415
49416
49426
49436
49437
49440
49442
49444
49456
49469
49476
49477
49492
49496
49498
49500
49501
49505
49510
49512
49513
49521
49523
49525
49530
49532
49535
49538
49546
49553
49557
49565
49574
49579
49583
49589
49604
49611
49613
49630
49641
49642
49663
49665
49674
49675
49677
49679
49681
49688
49693
49698
49711
49719
49758
49759
49765
49770
49771
49774
49775
49776
49778
49781
49782
49787
49792
49805
49808
49822
49825
49835
49855
49874
49877
49882
49886
49897
49906
49918
49926
49929
49947
49955
49985
49988
50000
50019
50021
50026
50029
50033
50035
50047
50067
50072
50076
50077
50099
50101
50104
50105
50116
50128
50135
50137
50139
50161
50163
50164
50171
50172
50173
50175
50184
50186
50198
50244
50245
50255
50261
50264
50280
50282
50292
50294
50306
50308
50318
50320
50331
50344
50360
50384
50394
50398
50400
50407
50441
50491
50494
50502
50505
50515
50531
50539
50541
50542
50547
50552
50553
50556
50585
50589
50599
50601
50612
50628
50651
50662
50664
50673
50680
50681
50684
50691
50722
50723
50729
50742
50744
50755
50771
50774
50791
50792
50814
50815
50822
50836
50838
50850
50865
50871
50872
50878
50887
50892
50894
50906
50911
50916
50920
50924
50934
50961
50962
50972
50975
50978
50984
50985
50991
50998
50999
51013
51015
51024
51043
51047
51060
51064
51100
51104
51112
51114
51116
51133
51135
51137
51156
51167
51168
51172
51191
51213
51216
51224
51233
51238
51239
51242
51245
51256
51259
51269
51275
51276
51280
51282
51294
51299
51314
51327
51329
51331
51341
51349
51355
51356
51359
51361
51369
51388
51395
51401
51404
51412
51426
51427
51440
51442
51452
51462
51464
51466
51474
51475
51491
51492
51494
51504
51506
51527
51531
51534
51535
51554
51555
51587
51620
51637
51641
51657
51662
51677
51685
51686
51704
51707
51738
51751
51755
51763
51794
51846
51852
51884
51886
51891
51894
51902
51911
51938
51947
51957
51962
51964
51966
51974
51975
51976
51977
51982
51993
52010
52025
52045
52048
52061
52077
52099
52104
52107
52124
52192
52197
52200
52218
52230
52235
52236
52245
52265
52274
52289
52306
52333
52338
52355
52358
52374
52386
52392
52404
52407
52408
52410
52440
52441
52444
52447
52453
52473
52501
52503
52506
52507
52515
52520
52526
52530
52534
52565
52577
52582
52628
52676
52680
52683
52688
52692
52695
52704
52712
52720
52726
52730
52735
52743
52778
52780
52782
52813
52816
52821
52833
52845
52850
52856
52893
52897
52902
52905
52907
52908
52909
52910
52921
52922
52945
52949
52954
52956
52977
52988
52994
52996
52998
53005
53013
53020
53022
53024
53026
53038
53039
53056
53063
53068
53075
53077
53082
53087
53090
53092
53098
53109
53116
53119
53137
53145
53150
53151
53178
53195
53205
53229
53233
53245
53251
53254
53259
53269
53271
53279
53283
53286
53301
53317
53326
53329
53330
53337
53345
53347
53348
53350
53354
53357
53365
53370
53382
53384
53398
53404
53417
53428
53437
53438
53447
53469
53471
53490
53492
53497
53499
53508
53548
53550
53551
53586
53588
53591
53592
53604
53605
53607
53610
53611
53612
53620
53662
53678
53695
53702
53736
53738
53743
53750
53752
53769
53780
53781
53788
53799
53801
53811
53828
53829
53876
53877
53891
53893
53896
53901
53903
53911
53919
53927
53932
53939
53955
53956
53959
53961
53963
53966
53967
53972
53973
53997
54010
54015
54026
54030
54043
54044
54072
54077
54083
54084
54094
54098
54105
54115
54145
54151
54156
54167
54170
54172
54181
54184
54202
54243
54250
54251
54259
54274
54280
54283
54293
54321
54338
54344
54348
54365
54386
54395
54396
54400
54421
54430
54434
54442
54459
54463
54469
54492
54495
54501
54503
54510
54534
54535
54538
54543
54545
54550
54568
54572
54577
54590
54613
54617
54622
54629
54635
54667
54672
54674
54675
54676
54678
54684
54686
54689
54692
54703
54707
54709
54734
54738
54741
54748
54750
54761
54764
54776
54778
54795
54816
54833
54840
54855
54859
54908
54943
54951
54953
54958
54967
54970
54975
54978
54979
54986
54989
55021
55031
55039
55041
55047
55049
55050
55052
55056
55069
55075
55089
55093
55116
55140
55147
55148
55151
55153
55172
55176
55177
55182
55193
55243
55253
55256
55264
55283
55322
55327
55329
55332
55336
55348
55354
55372
55378
55399
55407
55425
55426
55430
55443
55461
55463
55470
55474
55475
55483
55502
55505
55511
55514
55516
55517
55519
55521
55527
55530
55566
55572
55579
55580
55584
55604
55607
55614
55634
55650
55657
55660
55664
55666
55673
55683
55691
55720
55724
55729
55730
55735
55736
55737
55739
55742
55750
55752
55757
55758
55759
55772
55773
55784
55809
55815
55822
55827
55838
55864
55870
55876
55877
55886
55897
55908
55925
55933
55935
55965
55968
55973
55974
55976
55980
55985
55991
55993
55994
55997
55999
56016
56041
56049
56065
56067
56068
56083
56089
56096
56114
56124
56137
56138
56146
56147
56161
56163
56164
56166
56176
56181
56219
56225
56227
56260
56261
56263
56270
56272
56274
56284
56286
56288
56296
56301
56309
56312
56314
56341
56344
56353
56361
56362
56364
56365
56376
56380
56388
56422
56437
56449
56456
56469
56475
56532
56533
56535
56544
56547
56562
56566
56573
56576
56579
56593
56606
56612
56625
56628
56634
56646
56648
56662
56678
56682
56692
56715
56720
56723
56726
56754
56757
56761
56768
56779
56829
56835
56837
56841
56849
56855
56862
56868
56873
56900
56913
56914
56924
56927
56930
56933
56938
56955
56962
56983
56984
56986
56994
56999
57011
57018
57024
57031
57033
57044
57060
57064
57069
57075
57085
57088
57094
57096
57112
57121
57128
57133
57149
57160
57161
57163
57164
57165
57168
57203
57224
57225
57234
57238
57263
57267
57302
57303
57311
57318
57319
57339
57344
57345
57346
57383
57407
57409
57414
57432
57453
57461
57470
57471
57474
57476
57507
57508
57509
57525
57528
57532
57543
57544
57546
57551
57564
57571
57572
57580
57589
57593
57596
57600
57637
57651
57652
57654
57671
57672
57678
57682
57688
57691
57701
57702
57704
57731
57738
57743
57744
57752
57753
57756
57757
57758
57759
57776
57788
57791
57804
57806
57809
57813
57820
57821
57834
57838
57848
57850
57857
57910
57912
57914
57915
57917
57919
57920
57923
57925
57926
57930
57940
57956
57961
57973
57980
57993
57999
58000
58005
58020
58023
58024
58036
58047
58048
58062
58105
58109
58123
58125
58128
58140
58154
58164
58183
58198
58200
58202
58206
58221
58231
58244
58251
58254
58278
58314
58318
58326
58349
58392
58405
58406
58409
58416
58417
58421
58424
58429
58445
58450
58451
58481
58484
58510
58521
58523
58539
58540
58555
58559
58560
58565
58571
58583
58588
58589
58590
58598
58612
58625
58649
58654
58659
58660
58663
58686
58687
58711
58724
58736
58744
58764
58771
58785
58788
58804
58813
58816
58827
58835
58836
58844
58854
58856
58858
58898
58904
58911
58912
58923
58924
58960
58971
58975
58982
58990
58991
59016
59039
59042
59048
59051
59055
59056
59061
59077
59083
59086
59087
59089
59094
59095
59115
59120
59121
59140
59149
59155
59161
59172
59177
59188
59194
59195
59238
59248
59258
59289
59293
59297
59312
59319
59324
59339
59340
59346
59354
59385
59395
59397
59398
59400
59401
59407
59417
59425
59430
59434
59437
59439
59455
59456
59461
59467
59501
59503
59509
59523
59532
59551
59561
59594
59608
59616
59623
59625
59641
59645
59659
59665
59674
59675
59676
59677
59685
59692
59693
59714
59734
59738
59739
59744
59758
59760
59800
59853
59867
59886
59901
59940
59944
59945
59948
59951
59954
59958
59965
59971
59979
59989
60000
60012
60017
60019
60021
60024
60025
60031
60038
60050
60052
60099
60104
60105
60111
60113
60121
60124
60131
60135
60138
60147
60148
60154
60158
60159
60172
60214
60220
60227
60230
60231
60237
60242
60244
60247
60249
60255
60287
60288
60291
60295
60305
60307
60314
60326
60340
60342
60345
60349
60354
60359
60370
60377
60390
60410
60415
60416
60417
60419
60458
60464
60466
60476
60478
60484
60487
60492
60509
60537
60554
60560
60566
60574
60577
60591
60595
60596
60632
60639
60642
60646
60676
60678
60681
60685
60690
60697
60698
60705
60715
60717
60722
60761
60771
60773
60788
60799
60825
60829
60846
60852
60864
60872
60899
60905
60910
60919
60934
60937
60955
60964
60965
60971
60972
60978
60986
61027
61032
61045
61047
61049
61053
61061
61063
61137
61148
61158
61170
61172
61174
61177
61191
61197
61199
61204
61205
61211
61212
61214
61216
61224
61227
61239
61243
61279
61284
61288
61301
61305
61310
61322
61325
61351
61352
61359
61380
61397
61399
61400
61402
61404
61405
61422
61424
61458
61460
61489
61490
61497
61500
61509
61511
61542
61549
61556
61563
61588
61593
61596
61604
61637
61641
61646
61666
61671
61674
61677
61686
61689
61709
61710
61721
61722
61726
61732
61734
61740
61741
61747
61764
61765
61768
61783
61785
61792
61794
61798
61801
61806
61827
61870
61880
61896
61898
61905
61937
61952
61954
61984
61988
61991
62004
62011
62018
62027
62031
62049
62050
62083
62084
62097
62108
62111
62115
62134
62156
62162
62174
62183
62185
62195
62203
62211
62231
62233
62272
62277
62308
62310
62311
62314
62320
62325
62327
62330
62333
62334
62337
62340
62346
62360
62377
62383
62402
62411
62418
62419
62431
62438
62446
62452
62454
62457
62461
62466
62468
62471
62477
62493
62524
62547
62549
62551
62552
62553
62571
62586
62603
62606
62616
62620
62637
62645
62655
62658
62660
62664
62670
62671
62679
62691
62696
62697
62703
62710
62712
62715
62719
62721
62731
62744
62761
62762
62763
62771
62772
62780
62788
62806
62816
62822
62824
62860
62863
62867
62872
62882
62884
62899
62903
62920
62921
62953
62955
62956
62961
62962
62966
62970
62974
62977
62985
62986
62987
62995
62996
63012
63024
63029
63036
63044
63051
63052
63067
63068
63105
63112
63129
63138
63143
63146
63155
63156
63158
63185
63210
63211
63212
63223
63225
63228
63229
63231
63234
63236
63246
63264
63274
63283
63287
63289
63317
63327
63338
63354
63370
63375
63388
63395
63400
63407
63452
63455
63468
63469
63475
63479
63485
63499
63526
63545
63596
63597
63598
63609
63620
63666
63667
63674
63705
63711
63725
63731
63740
63748
63750
63752
63780
63798
63803
63808
63817
63838
63843
63844
63890
63902
63912
63923
63937
63939
63944
63945
63968
63974
63988
63994
63997
64004
64008
64012
64019
64024
64030
64033
64034
64042
64044
64045
64048
64051
64071
64085
64093
64099
64106
64111
64119
64155
64157
64164
64165
64169
64170
64172
64184
64189
64196
64197
64227
64237
64250
64252
64256
64257
64263
64264
64266
64269
64290
64293
64295
64300
64310
64311
64312
64316
64330
64337
64338
64347
64352
64372
64393
64399
64400
64418
64439
64450
64452
64459
64474
64483
64487
64488
64496
64500
64501
64503
64506
64507
64508
64510
64523
64543
64550
64554
64557
64577
64592
64596
64608
64609
64624
64643
64668
64676
64677
64700
64705
64736
64741
64744
64746
64747
64752
64757
64764
64772
64773
64774
64791
64794
64807
64825
64832
64848
64850
64858
64877
64899
64901
64917
64936
64939
64941
64948
64974
64979
64982
64983
64989
64998
65003
65006
65017
65029
65050
65065
65097
65112
65114
65122
65133
65137
65138
65140
65148
65158
65159
65165
65200
65209
65212
65226
65228
65232
65246
65247
65253
65254
65287
65293
65296
65297
65300
65307
65317
65319
65328
65330
65357
65362
65368
65370
65374
65380
65381
65390
65412
65414
65418
65426
65431
65432
65448
65478
65495
65500
65501
65502
65513
65525
65531
65536
65540
65549
65563
65564
65578
65587
65588
65602
65607
65611
65616
65619
65622
65628
65643
65650
65664
65678
65696
65727
65753
65754
65757
65758
65765
65772
65778
65782
65793
65798
65802
65805
65813
65869
65871
65872
65875
65915
65918
65930
65942
65943
65948
65950
65979
65990
66012
66013
66018
66019
66035
66039
66040
66043
66045
66047
66050
66054
66066
66073
66087
66094
66097
66101
66133
66134
66149
66168
66179
66182
66189
66202
66216
66218
66219
66220
66224
66254
66267
66278
66280
66284
66292
66294
66295
66301
66309
66332
66354
66357
66364
66371
66381
66392
66395
66409
66439
66440
66453
66456
66457
66459
66468
66481
66484
66498
66500
66514
66530
66531
66533
66536
66542
66543
66550
66551
66556
66557
66582
66585
66596
66609
66610
66613
66621
66648
66653
66672
66691
66697
66705
66706
66715
66734
66736
66738
66743
66745
66747
66749
66752
66761
66762
66764
66795
66797
66799
66802
66810
66825
66835
66840
66845
66863
66869
66874
66878
66908
66921
66922
66926
66927
66941
66946
66950
66957
66971
66974
66984
66985
66991
67008
67010
67011
67013
67033
67039
67046
67048
67052
67060
67081
67085
67088
67100
67105
67127
67159
67176
67195
67199
67243
67249
67255
67260
67274
67292
67294
67299
67302
67310
67311
67313
67318
67324
67340
67347
67357
67360
67366
67374
67390
67399
67401
67408
67416
67423
67460
67473
67484
67486
67513
67520
67544
67559
67562
67568
67575
67584
67585
67609
67629
67631
67644
67648
67672
67686
67687
67693
67708
67720
67726
67753
67798
67807
67825
67826
67829
67842
67845
67863
67868
67890
67902
67906
67916
67931
67937
67955
67965
67967
67970
67983
67986
67987
67992
68000
68009
68014
68017
68048
68054
68058
68059
68063
68072
68077
68082
68099
68109
68116
68148
68185
68204
68207
68229
68263
68282
68284
68286
68288
68292
68296
68299
68300
68305
68321
68329
68334
68353
68360
68362
68367
68370
68381
68386
68389
68394
68396
68410
68411
68423
68430
68448
68456
68461
68466
68467
68481
68507
68520
68528
68529
68540
68542
68559
68566
68567
68569
68572
68575
68581
68584
68600
68601
68624
68642
68643
68660
68670
68680
68694
68695
68712
68719
68728
68730
68745
68760
68764
68773
68783
68793
68795
68798
68803
68820
68848
68852
68869
68870
68880
68881
68907
68910
68919
68931
68957
68964
68968
68969
68981
68990
69022
69024
69026
69033
69034
69040
69041
69062
69096
69103
69105
69119
69123
69129
69130
69133
69136
69139
69151
69159
69179
69181
69183
69193
69195
69203
69218
69223
69260
69263
69264
69278
69281
69283
69285
69287
69297
69301
69312
69315
69338
69369
69375
69378
69383
69384
69391
69394
69397
69398
69405
69412
69428
69445
69451
69467
69475
69481
69498
69543
69547
69568
69576
69577
69587
69611
69613
69638
69645
69648
69654
69670
69675
69699
69718
69725
69737
69738
69739
69741
69752
69756
69764
69775
69804
69811
69812
69813
69821
69827
69831
69835
69845
69848
69857
69885
69900
69933
69934
69935
69946
69951
69956
69976
69995
70000
70010
70035
70036
70039
70040
70043
70044
70048
70049
70058
70064
70066
70068
70074
70077
70111
70112
70125
70132
70136
70170
70174
70188
70189
70191
70196
70200
70213
70214
70216
70220
70237
70241
70252
70259
70266
70267
70268
70271
70282
70294
70303
70307
70332
70342
70355
70359
70363
70365
70368
70372
70373
70387
70411
70437
70447
70448
70450
70452
70454
70456
70475
70486
70492
70498
70503
70505
70512
70523
70540
70541
70565
70616
70627
70629
70645
70657
70675
70677
70683
70684
70686
70689
70693
70696
70705
70711
70732
70736
70753
70767
70795
70797
70831
70832
70833
70836
70863
70875
70886
70909
70913
70919
70923
70954
70960
70961
70962
70994
71003
71005
71006
71014
71015
71016
71021
71024
71026
71032
71054
71055
71075
71079
71089
71100
71117
71127
71131
71132
71136
71138
71143
71152
71156
71161
71166
71171
71185
71190
71195
71204
71220
71225
71242
71246
71247
71252
71258
71263
71264
71272
71276
71294
71301
71306
71329
71341
71343
71369
71371
71378
71380
71386
71397
71402
71449
71451
71453
71458
71477
71491
71498
71500
71507
71508
71531
71532
71534
71538
71541
71547
71548
71555
71556
71558
71560
71569
71574
71575
71579
71605
71641
71642
71651
71672
71681
71697
71703
71704
71709
71710
71712
71732
71739
71740
71751
71762
71767
71773
71780
71796
71801
71804
71813
71818
71819
71822
71834
71841
71845
71848
71858
71882
71886
71887
71909
71910
71919
71929
71944
71945
71975
71987
72044
72050
72051
72052
72054
72066
72068
72071
72077
72079
72081
72088
72091
72102
72108
72113
72145
72151
72160
72167
72168
72170
72189
72220
72226
72232
72242
72257
72260
72267
72268
72288
72297
72308
72323
72326
72338
72339
72345
72364
72410
72414
72416
72424
72427
72429
72431
72433
72455
72470
72471
72501
72528
72541
72550
72561
72568
72569
72577
72582
72583
72585
72586
72589
72592
72599
72625
72636
72661
72671
72688
72709
72732
72736
72737
72742
72743
72770
72772
72804
72817
72829
72832
72834
72842
72845
72850
72851
72857
72858
72862
72865
72869
72874
72920
72924
72927
72928
72933
72937
72951
72977
72984
72985
73007
73011
73032
73038
73055
73063
73088
73108
73111
73122
73132
73134
73169
73175
73181
73183
73184
73185
73186
73194
73195
73203
73204
73210
73216
73220
73221
73264
73266
73279
73312
73347
73349
73357
73364
73375
73386
73393
73395
73405
73407
73408
73410
73422
73443
73448
73452
73454
73455
73458
73460
73462
73463
73465
73471
73476
73479
73487
73489
73502
73503
73505
73512
73533
73536
73539
73544
73549
73579
73600
73625
73630
73657
73672
73688
73692
73705
73707
73708
73712
73720
73724
73726
73758
73761
73765
73770
73772
73783
73784
73797
73800
73840
73846
73857
73869
73874
73877
73878
73887
73888
73894
73901
73914
73938
73947
73954
73957
73967
73981
73985
73998
74000
74003
74004
74008
74032
74036
74059
74061
74080
74097
74104
74125
74137
74141
74142
74146
74148
74152
74153
74156
74170
74180
74183
74185
74186
74187
74188
74199
74200
74220
74222
74230
74247
74257
74261
74271
74279
74288
74314
74315
74316
74322
74323
74326
74329
74334
74335
74336
74343
74352
74371
74375
74385
74391
74403
74420
74436
74450
74453
74468
74469
74481
74488
74492
74502
74510
74516
74537
74545
74550
74553
74562
74565
74586
74594
74601
74616
74631
74643
74655
74656
74674
74676
74680
74682
74691
74724
74729
74730
74735
74749
74762
74767
74768
74779
74798
74829
74856
74869
74902
74907
74917
74922
74955
74967
74968
74972
74975
74980
74981
74986
75040
75041
75047
75049
75054
75055
75059
75063
75077
75080
75115
75127
75149
75165
75179
75185
75188
75202
75230
75234
75236
75240
75268
75274
75275
75280
75284
75294
75295
75298
75308
75309
75343
75347
75348
75349
75352
75353
75355
75368
75382
75389
75409
75413
75428
75431
75440
75449
75451
75458
75473
75480
75508
75523
75524
75526
75532
75535
75542
75543
75559
75620
75625
75629
75639
75645
75671
75674
75680
75683
75689
75694
75697
75698
75716
75719
75722
75731
75735
75745
75787
75788
75793
75798
75799
75807
75821
75823
75847
75854
75874
75878
75884
75890
75912
75918
75922
75962
75963
75964
75979
75984
75998
76001
76008
76014
76016
76031
76036
76037
76038
76044
76050
76064
76066
76078
76101
76105
76127
76148
76152
76161
76169
76188
76198
76211
76237
76243
76249
76261
76267
76275
76278
76283
76287
76288
76301
76315
76318
76324
76332
76334
76342
76343
76377
76396
76402
76423
76424
76432
76436
76441
76445
76451
76466
76476
76477
76478
76488
76493
76497
76502
76545
76563
76564
76572
76584
76588
76597
76608
76629
76631
76636
76645
76667
76676
76677
76678
76679
76683
76685
76689
76701
76716
76728
76763
76768
76777
76793
76801
76802
76822
76828
76831
76833
76851
76858
76860
76861
76865
76882
76884
76893
76898
76928
76933
76938
76945
76962
76973
76990
76994
77007
77011
77013
77040
77044
77055
77077
77088
77126
77129
77138
77171
77187
77192
77203
77207
77220
77237
77242
77246
77256
77258
77268
77279
77285
77304
77310
77314
77323
77356
77368
77393
77395
77415
77416
77421
77429
77434
77437
77450
77466
77468
77471
77472
77473
77475
77476
77517
77542
77546
77548
77549
77556
77573
77584
77594
77596
77633
77636
77637
77638
77641
77654
77655
77658
77660
77662
77663
77666
77676
77723
77733
77763
77766
77769
77771
77782
77785
77788
77802
77807
77816
77838
77840
77847
77849
77857
77858
77859
77860
77861
77868
77870
77877
77889
77893
77896
77901
77916
77937
77943
77944
77960
77973
77975
77979
77993
77995
77996
77999
78000
78001
78006
78011
78014
78019
78068
78080
78091
78097
78106
78117
78118
78124
78129
78151
78164
78166
78170
78177
78202
78219
78237
78252
78253
78276
78282
78286
78291
78302
78303
78313
78314
78316
78317
78324
78334
78344
78347
78355
78375
78380
78381
78389
78391
78393
78398
78399
78401
78404
78406
78413
78416
78435
78446
78464
78466
78470
78488
78515
78520
78538
78539
78554
78566
78571
78572
78580
78592
78603
78609
78611
78618
78621
78623
78624
78644
78645
78649
78654
78661
78691
78692
78703
78713
78716
78717
78719
78729
78758
78789
78794
78799
78809
78818
78826
78832
78841
78842
78844
78850
78871
78874
78882
78884
78886
78890
78903
78905
78956
78970
78974
78976
78979
78998
79018
79029
79037
79038
79046
79078
79085
79088
79091
79101
79113
79124
79129
79130
79131
79132
79157
79168
79189
79194
79198
79214
79218
79226
79238
79258
79261
79284
79288
79290
79304
79316
79340
79349
79352
79366
79375
79376
79384
79392
79393
79401
79404
79415
79427
79444
79459
79487
79495
79503
79516
79522
79524
79573
79577
79589
79597
79612
79613
79630
79654
79655
79670
79686
79693
79701
79703
79707
79714
79720
79725
79729
79768
79769
79776
79795
79798
79816
79817
79824
79828
79830
79835
79840
79846
79851
79858
79866
79870
79872
79877
79884
79885
79895
79917
79921
79927
79937
79949
79950
79964
79999
80018
80031
80033
80043
80044
80049
80050
80069
80074
80079
80082
80089
80091
80104
80133
80178
80180
80186
80188
80190
80192
80199
80204
80208
80209
80211
80219
80225
80249
80256
80285
80308
80311
80321
80324
80336
80340
80343
80367
80371
80408
80416
80426
80428
80431
80434
80444
80460
80464
80474
80497
80518
80526
80528
80548
80557
80561
80568
80586
80587
80588
80615
80618
80653
80654
80656
80658
80661
80666
80667
80673
80674
80675
80688
80689
80695
80696
80707
80713
80714
80715
80736
80742
80764
80767
80791
80795
80814
80825
80837
80839
80865
80875
80880
80906
80913
80917
80921
80927
80933
80941
80965
80974
80996
81007
81012
81018
81038
81040
81042
81044
81046
81047
81049
81057
81060
81069
81070
81084
81105
81112
81115
81118
81129
81137
81146
81173
81174
81196
81199
81207
81208
81214
81222
81230
81244
81257
81261
81275
81278
81281
81284
81291
81293
81294
81296
81300
81325
81336
81337
81342
81348
81377
81388
81389
81394
81399
81419
81438
81441
81509
81512
81526
81539
81548
81551
81553
81556
81569
81570
81575
81576
81577
81584
81622
81624
81674
81675
81676
81678
81685
81691
81697
81703
81704
81709
81716
81724
81753
81790
81799
81800
81805
81809
81811
81817
81820
81822
81839
81865
81867
81893
81907
81911
81940
81942
81944
81952
81962
81990
82001
82005
82006
82017
82042
82047
82066
82070
82071
82079
82098
82112
82116
82121
82123
82125
82131
82149
82153
82159
82192
82200
82212
82222
82235
82236
82244
82248
82258
82260
82262
82286
82288
82309
82311
82323
82336
82350
82368
82389
82402
82404
82427
82444
82449
82453
82455
82477
82486
82500
82504
82505
82509
82552
82562
82569
82582
82604
82608
82619
82625
82638
82640
82646
82662
82677
82708
82724
82727
82728
82731
82734
82751
82755
82762
82765
82770
82782
82786
82803
82808
82826
82827
82840
82845
82854
82858
82868
82885
82893
82905
82908
82927
82951
82952
82968
82978
82980
82989
82992
83003
83031
83033
83050
83058
83070
83073
83074
83075
83081
83085
83088
83092
83098
83099
83107
83108
83115
83180
83191
83200
83205
83233
83249
83260
83267
83286
83294
83310
83324
83328
83334
83340
83354
83360
83369
83370
83380
83391
83402
83408
83416
83421
83425
83433
83438
83450
83457
83463
83467
83471
83474
83495
83507
83511
83516
83533
83547
83554
83558
83563
83566
83571
83577
83579
83615
83616
83621
83626
83637
83639
83648
83665
83666
83668
83685
83686
83689
83712
83727
83735
83750
83753
83763
83785
83787
83809
83810
83811
83826
83835
83858
83871
83880
83882
83902
83903
83909
83913
83921
83932
83937
83940
83952
83956
83978
83980
83981
83982
83985
83986
83989
84017
84028
84032
84065
84066
84069
84074
84076
84106
84116
84127
84128
84131
84133
84137
84151
84157
84172
84175
84177
84186
84187
84192
84193
84197
84221
84274
84284
84297
84304
84306
84308
84310
84326
84328
84334
84340
84376
84383
84384
84398
84423
84427
84449
84462
84471
84477
84485
84506
84511
84514
84515
84540
84562
84563
84566
84573
84578
84580
84602
84629
84634
84643
84648
84649
84651
84671
84734
84738
84739
84762
84767
84776
84780
84782
84790
84816
84820
84824
84833
84859
84867
84868
84878
84892
84897
84903
84922
84925
84926
84937
84953
84955
84987
84993
85015
85021
85037
85046
85048
85062
85074
85082
85085
85093
85099
85107
85108
85113
85116
85125
85155
85168
85185
85204
85206
85211
85214
85240
85252
85263
85268
85286
85289
85335
85336
85339
85343
85347
85349
85350
85351
85355
85356
85358
85363
85368
85370
85374
85404
85411
85467
85473
85484
85487
85490
85498
85500
85515
85524
85526
85527
85540
85550
85562
85563
85565
85595
85604
85607
85622
85627
85652
85664
85680
85681
85700
85706
85707
85708
85718
85719
85727
85748
85753
85782
85785
85787
85795
85799
85800
85808
85815
85816
85829
85837
85843
85853
85855
85856
85859
85863
85871
85878
85883
85884
85889
85893
85895
85900
85912
85913
85916
85931
85932
85939
85961
85965
85972
85981
86019
86049
86057
86089
86090
86099
86109
86123
86134
86141
86146
86161
86175
86188
86192
86196
86220
86249
86253
86260
86269
86271
86276
86278
86297
86339
86355
86409
86424
86429
86430
86443
86465
86467
86477
86478
86479
86504
86514
86519
86522
86537
86544
86547
86548
86550
86606
86621
86622
86624
86626
86628
86635
86645
86653
86666
86700
86724
86752
86768
86791
86794
86808
86833
86836
86837
86839
86841
86842
86847
86848
86862
86864
86865
86897
86922
86925
86937
86938
86939
86945
86950
86960
86974
86975
86996
87000
87005
87006
87023
87030
87036
87039
87057
87059
87076
87077
87079
87085
87089
87095
87103
87107
87131
87138
87144
87150
87151
87153
87154
87155
87160
87167
87169
87173
87181
87182
87210
87217
87222
87232
87235
87238
87266
87285
87294
87295
87299
87306
87324
87325
87332
87356
87370
87378
87384
87387
87388
87400
87413
87419
87420
87421
87443
87457
87458
87463
87476
87481
87491
87505
87515
87525
87528
87545
87568
87572
87581
87590
87594
87602
87623
87631
87651
87659
87669
87672
87690
87693
87700
87703
87710
87731
87750
87751
87755
87759
87760
87772
87778
87785
87811
87817
87824
87825
87828
87830
87841
87842
87855
87868
87930
87936
87947
87951
87956
87960
87963
87964
87966
87971
87976
88020
88025
88039
88041
88072
88073
88081
88084
88104
88137
88151
88155
88175
88180
88205
88231
88232
88253
88267
88277
88294
88305
88311
88333
88339
88340
88360
88363
88364
88369
88375
88382
88407
88408
88428
88441
88443
88445
88449
88456
88468
88474
88498
88509
88510
88529
88532
88533
88546
88557
88559
88572
88579
88600
88610
88616
88621
88622
88624
88627
88632
88636
88637
88640
88647
88654
88679
88685
88687
88695
88700
88701
88718
88720
88721
88731
88732
88736
88738
88787
88790
88792
88797
88823
88826
88839
88840
88846
88847
88851
88860
88872
88875
88887
88892
88898
88902
88911
88914
88921
88923
88944
88955
88958
88966
88980
88996
88999
89001
89005
89026
89027
89036
89037
89042
89047
89050
89056
89060
89081
89082
89083
89085
89096
89106
89125
89148
89153
89173
89204
89208
89211
89236
89237
89244
89252
89258
89265
89275
89281
89286
89293
89295
89303
89308
89326
89330
89334
89335
89345
89347
89357
89371
89374
89394
89427
89440
89441
89442
89447
89449
89454
89456
89458
89468
89480
89486
89512
89521
89523
89525
89527
89530
89532
89538
89540
89544
89546
89547
89549
89564
89588
89589
89606
89654
89681
89707
89708
89714
89726
89727
89732
89733
89742
89778
89779
89805
89810
89814
89826
89849
89853
89860
89865
89870
89904
89907
89917
89929
89944
89946
89947
89959
89965
89968
89980
89994
89996
90007
90009
90023
90029
90030
90037
90043
90049
90060
90071
90076
90082
90084
90109
90117
90130
90133
90137
90138
90139
90143
90167
90186
90197
90198
90199
90203
90205
90210
90221
90224
90226
90232
90236
90244
90259
90265
90300
90302
90306
90315
90317
90348
90360
90377
90378
90382
90391
90393
90394
90397
90441
90448
90450
90451
90453
90459
90464
90467
90484
90487
90498
90509
90517
90518
90525
90530
90535
90543
90545
90548
90568
90575
90582
90605
90610
90626
90640
90643
90657
90676
90706
90719
90723
90725
90731
90736
90748
90749
90757
90768
90772
90794
90797
90805
90846
90852
90879
90890
90891
90896
90900
90905
90911
90919
90941
90962
90966
90967
90974
90976
90987
90993
90994
90995
91009
91018
91023
91030
91031
91034
91053
91070
91078
91134
91140
91142
91149
91151
91153
91176
91192
91194
91204
91230
91235
91245
91257
91260
91263
91265
91293
91295
91304
91307
91320
91322
91323
91338
91356
91364
91379
91382
91385
91390
91391
91397
91409
91463
91475
91490
91494
91500
91501
91502
91505
91513
91523
91533
91539
91566
91574
91598
91603
91607
91629
91641
91648
91649
91673
91675
91676
91679
91691
91695
91708
91709
91711
91730
91731
91740
91742
91744
91748
91752
91754
91758
91759
91760
91761
91766
91768
91791
91795
91798
91807
91814
91823
91825
91827
91829
91843
91858
91879
91880
91890
91894
91902
91905
91909
91920
91933
91952
91953
91960
91971
91975
91980
91987
92002
92004
92005
92007
92008
92014
92022
92024
92028
92036
92045
92058
92060
92103
92106
92120
92121
92122
92148
92154
92158
92188
92205
92212
92215
92218
92219
92220
92230
92232
92242
92243
92245
92246
92261
92281
92292
92296
92297
92305
92316
92319
92322
92352
92370
92385
92389
92390
92393
92397
92409
92414
92430
92437
92455
92456
92459
92460
92473
92476
92479
92480
92487
92492
92501
92508
92510
92517
92529
92535
92536
92541
92578
92594
92597
92598
92603
92614
92617
92624
92628
92632
92637
92646
92653
92655
92663
92674
92689
92694
92697
92704
92705
92709
92729
92733
92741
92742
92775
92806
92849
92852
92872
92883
92885
92892
92903
92916
92920
92935
92938
92939
92949
92959
92963
92967
92968
92975
92976
92985
92991
92998
93001
93008
93013
93015
93028
93031
93036
93037
93038
93041
93060
93077
93088
93096
93099
93106
93113
93118
93125
93126
93128
93131
93150
93158
93162
93174
93175
93192
93193
93195
93198
93199
93212
93222
93225
93244
93248
93262
93271
93295
93298
93323
93342
93343
93344
93360
93369
93371
93373
93376
93377
93381
93383
93387
93405
93409
93413
93419
93438
93446
93465
93467
93473
93485
93492
93497
93523
93525
93539
93547
93551
93556
93558
93565
93569
93596
93600
93601
93620
93622
93635
93638
93647
93651
93654
93655
93659
93661
93681
93683
93691
93699
93701
93721
93752
93763
93768
93774
93775
93782
93796
93798
93814
93815
93817
93821
93823
93847
93854
93857
93870
93899
93900
93901
93907
93910
93917
93926
93928
93938
93947
93964
94004
94010
94022
94029
94031
94036
94049
94057
94090
94091
94097
94120
94132
94141
94153
94156
94158
94163
94175
94201
94202
94211
94231
94234
94235
94238
94242
94255
94266
94280
94290
94295
94298
94306
94313
94336
94340
94341
94348
94351
94358
94362
94376
94387
94415
94420
94422
94424
94435
94436
94444
94455
94462
94463
94486
94504
94509
94538
94540
94541
94542
94544
94551
94561
94564
94584
94588
94605
94610
94613
94614
94622
94664
94667
94680
94681
94691
94730
94736
94737
94744
94753
94754
94755
94767
94768
94770
94773
94779
94805
94812
94836
94839
94842
94851
94861
94863
94868
94870
94871
94883
94896
94899
94912
94915
94929
94935
94938
94976
94979
94992
94995
95009
95016
95051
95064
95079
95084
95085
95092
95099
95105
95125
95141
95146
95150
95151
95154
95155
95163
95164
95183
95224
95227
95231
95244
95246
95265
95304
95311
95330
95335
95336
95341
95343
95351
95354
95364
95387
95388
95389
95392
95401
95417
95426
95436
95468
95470
95472
95475
95477
95489
95496
95502
95509
95516
95532
95534
95563
95565
95566
95568
95573
95582
95585
95587
95594
95602
95608
95643
95645
95646
95654
95662
95669
95703
95709
95720
95727
95735
95737
95749
95750
95764
95766
95785
95786
95788
95799
95803
95819
95837
95840
95843
95864
95875
95876
95879
95883
95915
95916
95917
95921
95935
95937
95971
95987
96020
96042
96044
96047
96052
96054
96055
96059
96061
96068
96070
96073
96075
96080
96087
96093
96098
96115
96121
96127
96131
96168
96178
96180
96181
96212
96221
96231
96233
96268
96275
96286
96290
96292
96297
96299
96306
96337
96355
96372
96375
96376
96381
96392
96395
96405
96406
96430
96449
96450
96455
96458
96464
96467
96492
96493
96512
96522
96550
96562
96563
96569
96583
96591
96609
96631
96642
96667
96677
96678
96685
96721
96745
96749
96750
96751
96755
96786
96791
96808
96813
96820
96823
96846
96848
96863
96868
96888
96930
96935
96949
96950
96953
96955
96994
97007
97012
97013
97042
97063
97078
97086
97118
97123
97136
97137
97143
97163
97175
97177
97186
97189
97194
97209
97247
97250
97319
97321
97326
97334
97381
97384
97386
97389
97394
97402
97404
97420
97427
97439
97444
97451
97454
97464
97471
97494
97507
97516
97532
97540
97555
97559
97566
97572
97575
97598
97601
97603
97611
97616
97620
97635
97655
97656
97661
97664
97670
97682
97706
97713
97720
97730
97745
97748
97749
97753
97754
97757
97774
97775
97813
97850
97861
97865
97867
97873
97878
97879
97886
97913
97922
97936
97940
97949
97984
97988
98013
98016
98020
98024
98027
98031
98037
98051
98055
98056
98063
98064
98081
98085
98097
98103
98105
98116
98128
98144
98159
98161
98168
98176
98178
98185
98188
98200
98205
98210
98225
98227
98246
98247
98248
98270
98276
98281
98289
98312
98329
98339
98375
98393
98396
98400
98401
98407
98410
98416
98461
98462
98483
98490
98491
98492
98496
98512
98527
98529
98532
98534
98545
98547
98548
98572
98583
98606
98615
98617
98625
98636
98639
98662
98683
98689
98704
98716
98735
98751
98763
98764
98765
98768
98773
98777
98785
98813
98826
98827
98832
98835
98849
98852
98870
98871
98903
98905
98906
98908
98911
98913
98915
98919
98924
98925
98944
98947
98949
98951
98984
98989
98993
99004
99013
99029
99037
99040
99061
99069
99070
99076
99079
99086
99087
99092
99093
99116
99119
99125
99133
99155
99164
99166
99169
99172
99173
99179
99194
99195
99201
99216
99222
99241
99243
99245
99246
99251
99254
99258
99285
99288
99298
99316
99349
99359
99360
99369
99377
99384
99385
99389
99394
99412
99413
99424
99426
99428
99443
99445
99446
99458
99468
99471
99486
99498
99500
99503
99508
99513
99537
99539
99544
99558
99576
99600
99607
99609
99635
99637
99639
99642
99648
99662
99675
99704
99713
99718
99728
99733
99772
99776
99784
99805
99808
99817
99819
99821
99822
99826
99833
99837
99844
99845
99856
99861
99889
99909
99910
99924
99926
99939
99957
99964
99968
99971
99977
99984
99985
99986
99990
99994
99996
99999
100023
100028
100040
100049
100052
100058
100070
100076
100091
100097
100098
100147
100153
100155
100156
100159
100164
100165
100166
100167
100187
100197
100200
100206
100208
100209
100225
100229
100234
100241
100247
100251
100270
100291
100315
100316
100322
100333
100340
100343
100344
100357
100362
100385
100391
100397
100398
100402
100405
100423
100440
100442
100458
100465
100477
100492
100517
100529
100547
100567
100576
100580
100583
100611
100625
100631
100642
100651
100653
100669
100671
100675
100679
100713
100754
100766
100770
100774
100780
100787
100790
100794
100803
100809
100838
100842
100846
100849
100855
100873
100875
100891
100895
100900
100903
100904
100908
100910
100914
100921
100930
100932
100945
100963
100970
100973
100981
101011
101024
101030
101032
101041
101051
101053
101074
101078
101089
101094
101114
101119
101138
101139
101142
101147
101153
101154
101198
101224
101228
101256
101287
101295
101296
101324
101354
101355
101363
101367
101371
101373
101380
101387
101404
101414
101417
101420
101426
101437
101440
101443
101449
101452
101456
101463
101497
101500
101524
101534
101536
101538
101539
101548
101555
101576
101584
101585
101593
101595
101607
101608
101611
101612
101623
101640
101641
101648
101650
101672
101704
101710
101714
101719
101733
101738
101739
101758
101764
101779
101781
101788
101795
101807
101812
101821
101825
101853
101865
101869
101870
101871
101880
101887
101907
101930
101944
101975
102003
102016
102024
102038
102055
102060
102064
102072
102080
102086
102088
102100
102103
102131
102138
102153
102161
102180
102187
102188
102191
102197
102202
102204
102205
102206
102213
102230
102238
102247
102265
102266
102279
102300
102302
102305
102310
102316
102319
102326
102330
102333
102334
102335
102340
102353
102381
102385
102393
102404
102407
102408
102414
102420
102449
102451
102458
102503
102506
102532
102534
102538
102549
102552
102556
102561
102562
102566
102569
102584
102609
102619
102626
102628
102634
102637
102642
102647
102648
102670
102671
102676
102685
102692
102696
102705
102711
102745
102774
102776
102784
102785
102814
102821
102822
102826
102841
102858
102859
102870
102873
102904
102918
102921
102928
102933
102935
102942
102953
102964
102967
102968
102976
102987
102992
102996
103017
103026
103028
103029
103037
103038
103051
103084
103085
103086
103090
103093
103107
103110
103118
103122
103139
103141
103146
103154
103164
103176
103183
103188
103196
103205
103206
103239
103252
103264
103272
103275
103307
103315
103326
103333
103334
103335
103338
103340
103344
103346
103348
103371
103372
103390
103397
103411
103413
103414
103445
103452
103454
103458
103465
103495
103505
103507
103512
103521
103561
103562
103563
103575
103577
103578
103582
103587
103596
103599
103628
103643
103645
103673
103674
103683
103697
103699
103701
103707
103733
103758
103762
103770
103795
103812
103814
103815
103818
103819
103821
103825
103827
103830
103832
103834
103841
103868
103890
103949
103954
103955
103956
103971
103995
104001
104002
104012
104022
104032
104054
104055
104060
104062
104063
104065
104068
104079
104081
104088
104098
104099
104118
104122
104147
104155
104157
104192
104194
104197
104199
104222
104230
104233
104236
104243
104246
104254
104255
104256
104257
104260
104281
104282
104283
104289
104298
104302
104308
104315
104341
104351
104352
104372
104387
104396
104400
104434
104444
104448
104455
104457
104463
104481
104485
104486
104487
104500
104512
104513
104524
104536
104567
104569
104609
104614
104618
104620
104626
104628
104631
104650
104660
104667
104668
104669
104687
104695
104697
104718
104723
104729
104731
104737
104739
104750
104755
104762
104767
104768
104770
104780
104801
104816
104824
104825
104869
104907
104913
104917
104923
104929
104935
104938
104959
104974
104983
104986
104991
105005
105013
105017
105020
105041
105046
105061
105065
105081
105095
105100
105121
105125
105153
105158
105169
105174
105184
105186
105193
105194
105196
105200
105217
105226
105249
105257
105258
105262
105270
105273
105274
105275
105280
105281
105283
105289
105290
105310
105320
105321
105322
105342
105343
105371
105377
105390
105398
105407
105431
105434
105439
105449
105451
105469
105480
105490
105493
105498
105508
105519
105530
105538
105552
105560
105565
105570
105602
105610
105613
105618
105619
105632
105633
105651
105673
105703
105704
105708
105718
105727
105743
105763
105772
105779
105788
105800
105807
105830
105833
105839
105852
105853
105859
105866
105872
105884
105922
105926
105928
105931
105934
105935
105942
105946
105953
105954
105955
105963
105978
106001
106007
106017
106026
106035
106050
106058
106066
106067
106068
106085
106091
106094
106096
106101
106106
106118
106147
106167
106190
106192
106193
106203
106208
106215
106216
106226
106228
106233
106234
106237
106249
106254
106277
106289
106295
106301
106344
106357
106364
106370
106393
106430
106432
106445
106474
106480
106493
106508
106518
106539
106551
106566
106573
106575
106579
106588
106610
106613
106621
106623
106626
106628
106630
106635
106642
106644
106650
106672
106674
106681
106687
106688
106690
106702
106727
106730
106824
106832
106833
106837
106898
106904
106905
106907
106913
106914
106916
106920
106923
106928
106955
106974
106975
106979
106983
106993
106997
107005
107022
107028
107029
107047
107049
107065
107068
107076
107077
107080
107091
107099
107116
107117
107120
107130
107137
107145
107148
107176
107185
107197
107210
107218
107229
107232
107253
107267
107269
107275
107277
107291
107338
107340
107345
107348
107349
107351
107355
107370
107377
107380
107381
107389
107395
107406
107411
107413
107415
107439
107457
107458
107459
107462
107463
107467
107468
107472
107495
107535
107546
107548
107556
107564
107568
107570
107586
107595
107597
107598
107599
107601
107604
107608
107614
107616
107618
107625
107626
107629
107636
107641
107657
107682
107687
107695
107699
107711
107743
107767
107768
107771
107777
107784
107789
107790
107804
107808
107810
107848
107871
107874
107876
107893
107897
107910
107911
107931
107941
107944
107949
107975
107981
107986
108010
108052
108061
108066
108070
108086
108094
108098
108139
108148
108170
108173
108186
108213
108218
108227
108242
108249
108278
108279
108294
108295
108311
108316
108320
108324
108334
108335
108340
108343
108344
108349
108352
108354
108356
108359
108364
108379
108385
108407
108413
108422
108455
108459
108479
108482
108488
108517
108521
108528
108531
108536
108545
108549
108553
108558
108569
108570
108575
108591
108618
108619
108628
108640
108643
108658
108664
108678
108685
108690
108691
108698
108699
108700
108718
108724
108757
108758
108760
108761
108770
108772
108777
108791
108796
108815
108833
108843
108850
108851
108862
108863
108864
108867
108870
108871
108872
108885
108887
108893
108902
108919
108921
108923
108950
108951
108969
108974
108980
108982
108985
108986
108992
108998
109031
109038
109072
109077
109079
109080
109092
109103
109113
109121
109124
109130
109132
109141
109145
109148
109157
109159
109160
109165
109197
109200
109204
109206
109208
109212
109216
109224
109235
109239
109261
109266
109275
109286
109301
109307
109310
109328
109364
109373
109376
109384
109396
109398
109403
109405
109411
109419
109423
109428
109434
109444
109452
109453
109457
109458
109473
109480
109501
109502
109541
109545
109549
109551
109553
109561
109566
109570
109575
109579
109595
109608
109610
109612
109631
109643
109651
109659
109662
109671
109680
109687
109693
109702
109708
109716
109733
109740
109797
109814
109818
109824
109861
109862
109875
109877
109883
109918
109928
109929
109938
109939
109941
109942
109943
109952
109965
109989
109999
110020
110030
110052
110053
110065
110066
110071
110075
110079
110080
110082
110084
110103
110138
110143
110151
110168
110174
110181
110198
110216
110224
110238
110241
110245
110257
110273
110276
110279
110280
110283
110286
110295
110302
110304
110310
110324
110326
110348
110360
110367
110375
110379
110380
110384
110407
110409
110415
110419
110420
110422
110425
110432
110437
110438
110444
110449
110453
110455
110492
110514
110516
110520
110521
110535
110537
110556
110579
110586
110588
110593
110594
110595
110596
110603
110610
110611
110613
110616
110625
110631
110660
110662
110669
110672
110675
110689
110705
110713
110724
110731
110732
110745
110758
110768
110770
110772
110812
110836
110839
110873
110879
110887
110904
110907
110911
110921
110925
110928
110932
110936
110938
110940
110959
110989
110991
111008
111025
111033
111034
111045
111068
111072
111083
111102
111108
111117
111132
111136
111171
111177
111180
111190
111192
111196
111221
111224
111236
111238
111243
111247
111262
111264
111276
111290
111320
111335
111340
111348
111352
111356
111358
111363
111368
111371
111376
111388
111390
111393
111396
111397
111433
111441
111445
111460
111478
111484
111506
111508
111512
111515
111522
111527
111528
111531
111540
111603
111609
111612
111627
111662
111673
111691
111692
111693
111697
111704
111726
111728
111736
111745
111746
111755
111779
111794
111805
111808
111810
111826
111834
111835
111837
111857
111859
111860
111867
111879
111882
111883
111885
111891
111893
111898
111899
111901
111903
111904
111912
111942
111946
111956
111961
111962
111964
111978
112012
112019
112022
112032
112041
112047
112051
112064
112079
112084
112092
112114
112117
112131
112147
112148
112160
112174
112181
112196
112198
112211
112215
112241
112300
112303
112312
112313
112344
112365
112367
112376
112384
112388
112392
112414
112429
112440
112445
112457
112458
112496
112517
112519
112524
112534
112546
112550
112554
112557
112561
112570
112596
112597
112599
112600
112603
112612
112622
112630
112633
112641
112652
112660
112671
112676
112677
112697
112704
112705
112706
112727
112738
112743
112749
112759
112760
112769
112771
112792
112800
112837
112842
112845
112847
112848
112852
112858
112860
112882
112892
112896
112898
112904
112909
112910
112917
112919
112920
112923
112938
112942
112967
112984
112987
113003
113005
113008
113017
113025
113033
113054
113056
113062
113067
113079
113080
113106
113111
113113
113115
113116
113126
113127
113144
113150
113153
113170
113171
113188
113200
113201
113207
113215
113224
113236
113242
113246
113250
113260
113268
113271
113273
113285
113288
113298
113301
113312
113313
113322
113324
113328
113331
113339
113344
113345
113373
113376
113379
113382
113386
113401
113404
113405
113417
113476
113489
113497
113500
113531
113537
113538
113551
113567
113571
113581
113583
113585
113590
113591
113605
113610
113612
113628
113636
113644
113654
113657
113676
113684
113691
113723
113727
113744
113750
113766
113778
113780
113782
113792
113802
113821
113830
113834
113835
113856
113888
113892
113893
113895
113915
113929
113939
113952
113955
113991
113999
114000
114002
114007
114013
114014
114019
114027
114030
114036
114069
114073
114075
114077
114078
114087
114088
114096
114100
114106
114107
114135
114137
114162
114174
114179
114189
114190
114195
114230
114236
114237
114238
114279
114302
114304
114315
114320
114321
114332
114335
114341
114354
114357
114367
114376
114380
114404
114411
114424
114427
114452
114460
114474
114477
114499
114511
114521
114542
114543
114544
114546
114552
114568
114569
114607
114636
114639
114646
114650
114652
114657
114671
114677
114683
114685
114687
114688
114710
114715
114716
114730
114738
114743
114747
114759
114778
114784
114794
114797
114801
114810
114816
114828
114853
114866
114875
114879
114880
114884
114903
114904
114931
114946
114947
114956
114964
115001
115002
115020
115022
115035
115039
115072
115096
115102
115107
115129
115140
115155
115179
115186
115192
115202
115203
115204
115216
115240
115250
115253
115264
115270
115271
115286
115299
115307
115315
115331
115344
115369
115374
115379
115380
115393
115400
115417
115423
115450
115468
115475
115492
115497
115513
115514
115517
115536
115539
115551
115552
115569
115586
115591
115602
115610
115619
115638
115675
115689
115695
115701
115707
115713
115715
115716
115722
115733
115758
115766
115770
115771
115773
115779
115789
115798
115799
115800
115820
115844
115848
115860
115861
115883
115893
115926
115940
115978
115990
115993
116004
116013
116028
116031
116036
116040
116067
116069
116071
116111
116118
116122
116128
116135
116141
116151
116165
116173
116180
116183
116210
116215
116240
116249
116277
116284
116286
116290
116294
116297
116298
116299
116323
116324
116325
116328
116332
116363
116378
116383
116401
116405
116406
116416
116436
116437
116461
116463
116474
116480
116512
116527
116535
116555
116588
116606
116617
116618
116620
116623
116624
116625
116630
116650
116656
116684
116695
116697
116712
116717
116718
116729
116731
116749
116762
116773
116804
116805
116810
116818
116849
116851
116852
116867
116872
116876
116882
116896
116913
116922
116966
116968
116971
117017
117023
117028
117029
117052
117053
117058
117074
117095
117097
117114
117128
117130
117137
117138
117146
117149
117156
117157
117159
117199
117201
117202
117203
117211
117251
117254
117257
117265
117268
117272
117277
117288
117333
117335
117347
117349
117351
117366
117376
117400
117421
117422
117427
117429
117430
117447
117448
117452
117464
117466
117469
117472
117477
117479
117490
117517
117541
117575
117576
117586
117602
117603
117614
117631
117641
117685
117700
117705
117706
117712
117713
117725
117733
117743
117750
117752
117756
117779
117781
117787
117800
117806
117841
117844
117850
117870
117884
117886
117890
117909
117913
117919
117952
117955
117970
117984
117987
118001
118004
118015
118019
118025
118028
118048
118052
118065
118084
118093
118101
118116
118117
118124
118128
118133
118143
118146
118163
118168
118177
118180
118196
118203
118206
118242
118244
118248
118261
118263
118266
118269
118273
118282
118286
118308
118310
118315
118318
118332
118348
118353
118358
118374
118375
118376
118386
118393
118394
118395
118405
118425
118443
118448
118458
118468
118475
118477
118485
118492
118498
118501
118502
118504
118525
118535
118545
118559
118569
118579
118607
118614
118632
118646
118655
118656
118663
118696
118705
118708
118716
118718
118719
118722
118725
118735
118748
118755
118765
118780
118787
118796
118831
118835
118857
118864
118871
118877
118878
118897
118898
118913
118916
118919
118921
118926
118940
118941
118944
118948
118956
118969
118971
118975
118976
118987
118995
118998
119007
119029
119040
119044
119045
119059
119061
119069
119075
119080
119082
119105
119110
119122
119133
119135
119173
119179
119184
119188
119191
119194
119195
119199
119201
119203
119250
119252
119270
119273
119284
119305
119318
119333
119352
119362
119369
119370
119382
119383
119399
119408
119412
119415
119423
119429
119451
119462
119467
119496
119538
119543
119549
119562
119566
119567
119591
119592
119601
119603
119608
119611
119619
119620
119633
119644
119651
119662
119667
119668
119669
119691
119696
119710
119715
119722
119727
119735
119742
119757
119759
119768
119783
119791
119794
119797
119807
119838
119851
119856
119864
119871
119879
119880
119881
119899
119904
119908
119910
119921
119933
119940
119943
119945
119950
119957
119960
119962
119979
119987
120000
120004
120012
120025
120040
120052
120058
120075
120083
120084
120088
120092
120098
120099
120100
120114
120115
120135
120142
120146
120153
120186
120209
120226
120232
120252
120263
120278
120284
120286
120288
120290
120333
120347
120364
120373
120377
120378
120381
120391
120401
120402
120403
120423
120430
120434
120444
120447
120449
120464
120501
120507
120519
120539
120542
120556
120558
120569
120584
120589
120609
120616
120623
120653
120662
120664
120667
120670
120673
120687
120698
120699
120700
120718
120719
120723
120739
120752
120761
120788
120790
120799
120802
120805
120808
120811
120817
120823
120824
120847
120867
120872
120873
120878
120886
120892
120893
120895
120902
120905
120911
120920
120921
120928
120933
120953
120955
120961
120967
120969
120976
120982
121011
121012
121025
121064
121068
121069
121073
121075
121089
121091
121092
121131
121133
121137
121142
121143
121146
121173
121175
121177
121183
121206
121208
121229
121280
121296
121308
121319
121322
121343
121346
121355
121364
121378
121380
121384
121386
121393
121395
121407
121409
121411
121428
121439
121457
121461
121473
121488
121492
121493
121518
121528
121531
121551
121562
121594
121597
121609
121619
121620
121622
121623
121626
121633
121669
121678
121680
121717
121722
121728
121729
121751
121759
121761
121764
121777
121782
121789
121796
121802
121803
121808
121811
121827
121835
121837
121840
121845
121866
121869
121878
121885
121925
121935
121950
121958
121965
121968
121969
121974
121975
121976
122001
122016
122028
122033
122038
122064
122081
122087
122097
122102
122123
122148
122163
122166
122176
122205
122218
122220
122224
122226
122237
122244
122250
122251
122256
122262
122292
122313
122320
122326
122329
122330
122349
122360
122365
122401
122423
122426
122429
122435
122440
122445
122455
122461
122465
122467
122481
122506
122519
122547
122551
122553
122591
122601
122650
122653
122655
122676
122686
122689
122690
122740
122749
122766
122778
122779
122780
122781
122783
122786
122787
122789
122790
122793
122794
122799
122800
122802
122810
122827
122828
122830
122842
122845
122846
122862
122866
122869
122881
122893
122916
122936
122945
122952
122953
122975
122980
122981
122982
122986
122999
123022
123027
123031
123032
123038
123039
123040
123042
123048
123074
123075
123077
123094
123095
123096
123101
123102
123111
123121
123125
123137
123140
123145
123153
123155
123164
123168
123192
123200
123202
123230
123239
123240
123245
123247
123248
123250
123262
123265
123276
123277
123279
123280
123282
123299
123303
123311
123340
123341
123349
123363
123403
123427
123448
123458
123465
123467
123488
123496
123510
123512
123519
123530
123534
123535
123552
123556
123576
123610
123613
123616
123619
123621
123622
123642
123644
123654
123670
123680
123683
123705
123707
123712
123716
123727
123737
123742
123744
123795
123801
123812
123824
123846
123847
123850
123853
123862
123888
123889
123890
123893
123910
123928
123932
123933
123942
123946
123973
123976
123981
123982
124008
124012
124022
124023
124033
124034
124035
124036
124041
124042
124046
124050
124052
124055
124060
124116
124132
124148
124150
124161
124169
124176
124199
124211
124217
124220
124223
124232
124241
124244
124254
124255
124264
124267
124270
124272
124294
124312
124319
124322
124324
124327
124331
124334
124338
124340
124342
124346
124348
124366
124382
124392
124443
124449
124461
124463
124467
124469
124474
124494
124495
124506
124507
124508
124512
124521
124527
124528
124542
124562
124566
124572
124575
124580
124593
124597
124601
124614
124619
124623
124628
124647
124675
124694
124702
124705
124712
124724
124727
124730
124777
124785
124787
124789
124798
124800
124809
124825
124833
124844
124848
124849
124854
124856
124891
124910
124920
124925
124927
124939
124951
124961
124962
124974
124975
124978
124981
124985
124986
124999
125013
125019
125022
125059
125061
125073
125081
125082
125103
125105
125106
125115
125124
125128
125143
125156
125160
125169
125175
125178
125188
125195
125201
125203
125231
125233
125267
125271
125274
125281
125283
125287
125288
125301
125306
125310
125319
125327
125328
125329
125338
125344
125346
125354
125395
125404
125411
125412
125413
125416
125418
125447
125453
125473
125485
125498
125504
125507
125542
125555
125561
125562
125591
125604
125606
125616
125620
125624
125637
125659
125668
125692
125704
125718
125719
125731
125751
125752
125757
125764
125767
125774
125777
125783
125796
125806
125833
125843
125868
125879
125882
125894
125895
125905
125945
125946
125949
125953
125954
125957
125962
125971
125974
125985
126001
126002
126022
126030
126033
126040
126041
126061
126071
126096
126106
126112
126115
126117
126126
126143
126147
126152
126161
126162
126168
126169
126191
126192
126215
126216
126249
126253
126259
126264
126270
126275
126281
126284
126297
126303
126304
126306
126313
126316
126327
126331
126350
126354
126361
126378
126381
126382
126389
126390
126397
126403
126404
126420
126424
126430
126434
126438
126440
126475
126477
126481
126482
126483
126484
126494
126507
126525
126529
126537
126539
126555
126568
126574
126582
126583
126587
126591
126598
126601
126617
126625
126637
126639
126641
126648
126672
126674
126690
126701
126702
126729
126747
126782
126791
126792
126809
126824
126836
126857
126859
126861
126866
126886
126888
126891
126900
126902
126916
126928
126940
126948
126949
126952
126953
126957
126963
126968
126973
126974
126999
127018
127024
127033
127034
127055
127069
127072
127078
127082
127084
127088
127090
127106
127122
127128
127133
127135
127138
127142
127151
127157
127166
127170
127181
127182
127190
127219
127228
127229
127239
127251
127265
127274
127293
127297
127312
127320
127325
127331
127334
127347
127352
127354
127355
127356
127357
127361
127366
127367
127374
127394
127418
127426
127434
127439
127445
127449
127453
127458
127494
127498
127503
127518
127537
127542
127547
127555
127565
127566
127569
127571
127572
127574
127578
127590
127602
127606
127608
127618
127634
127640
127643
127644
127645
127659
127696
127704
127731
127737
127751
127755
127756
127779
127784
127797
127803
127836
127840
127845
127848
127849
127862
127880
127893
127894
127898
127905
127955
127983
127987
127993
128000
128008
128040
128042
128048
128050
128061
128065
128067
128102
128107
128134
128143
128152
128155
128170
128177
128192
128201
128206
128214
128237
128260
128261
128268
128274
128277
128278
128280
128283
128286
128290
128291
128294
128306
128315
128335
128349
128353
128366
128367
128375
128379
128381
128396
128421
128423
128449
128455
128462
128471
128474
128486
128487
128490
128491
128492
128501
128503
128505
128526
128539
128541
128545
128548
128549
128561
128593
128597
128603
128613
128615
128617
128629
128635
128637
128652
128653
128657
128662
128663
128675
128703
128708
128710
128713
128715
128716
128718
128732
128748
128756
128759
128766
128769
128780
128798
128800
128823
128824
128846
128852
128871
128876
128877
128908
128914
128923
128931
128938
128943
128969
128979
128982
128989
129012
129017
129022
129036
129043
129050
129057
129062
129063
129071
129074
129080
129086
129091
129119
129125
129127
129131
129135
129183
129189
129195
129203
129206
129217
129219
129228
129248
129256
129258
129260
129273
129279
129296
129324
129336
129338
129342
129343
129344
129347
129360
129361
129365
129392
129400
129408
129434
129437
129443
129449
129466
129469
129476
129479
129486
129487
129490
129506
129508
129528
129546
129547
129548
129555
129557
129559
129560
129567
129579
129585
129597
129604
129608
129614
129627
129655
129665
129684
129699
129704
129709
129729
129737
129741
129745
129748
129758
129760
129761
129777
129778
129797
129799
129800
129801
129804
129808
129810
129814
129816
129818
129823
129824
129837
129847
129854
129857
129868
129870
129896
129904
129920
129924
129931
129933
129934
129936
129939
129942
129944
129951
129959
129990
130003
130008
130021
130023
130041
130042
130050
130058
130061
130064
130069
130079
130100
130128
130134
130147
130148
130155
130187
130203
130206
130213
130216
130219
130223
130228
130236
130239
130246
130256
130269
130278
130281
130284
130290
130296
130304
130323
130332
130359
130365
130376
130390
130393
130397
130404
130426
130428
130445
130447
130448
130452
130455
130459
130465
130466
130469
130480
130481
130482
130496
130508
130518
130531
130537
130542
130549
130555
130574
130578
130583
130593
130599
130600
130606
130611
130617
130624
130635
130654
130657
130673
130675
130679
130691
130700
130708
130709
130714
130739
130741
130750
130752
130755
130758
130767
130770
130784
130820
130824
130840
130879
130917
130919
130928
130930
130932
130933
130935
130941
130947
130948
131024
131029
131070
131072
131079
131085
131100
131106
131127
131133
131158
131160
131162
131205
131209
131228
131231
131243
131249
131250
131261
131263
131266
131267
131270
131274
131283
131284
131287
131299
131308
131312
131334
131335
131337
131339
131345
131350
131354
131356
131358
131363
131364
131391
131395
131398
131400
131401
131402
131404
131414
131422
131455
131456
131459
131462
131480
131482
131488
131499
131518
131522
131528
131529
131539
131554
131568
131583
131604
131611
131612
131625
131632
131633
131656
131659
131665
131674
131678
131707
131710
131721
131722
131724
131741
131747
131748
131751
131758
131767
131780
131782
131783
131785
131805
131836
131847
131873
131875
131878
131882
131883
131885
131886
131888
131919
131921
131924
131926
131929
131930
131931
131955
131957
131958
131962
131972
131973
131977
131990
131992
131993
131998
132008
132014
132020
132022
132036
132050
132054
132078
132079
132113
132114
132121
132128
132140
132146
132165
132169
132184
132212
132232
132235
132238
132239
132264
132277
132298
132315
132344
132358
132368
132373
132375
132378
132381
132382
132383
132433
132435
132445
132450
132454
132471
132479
132514
132516
132526
132527
132536
132563
132564
132565
132566
132570
132591
132605
132607
132618
132619
132631
132686
132692
132700
132705
132709
132726
132733
132740
132744
132753
132760
132761
132799
132809
132812
132814
132822
132834
132844
132848
132852
132853
132854
132857
132858
132867
132872
132893
132899
132901
132910
132913
132919
132922
132931
132932
132934
132944
132964
132987
132990
132992
132993
133004
133015
133047
133048
133055
133061
133063
133081
133092
133101
133103
133111
133155
133170
133184
133203
133214
133216
133217
133241
133242
133248
133251
133265
133278
133287
133318
133325
133330
133337
133342
133343
133351
133353
133359
133369
133373
133380
133386
133388
133404
133407
133412
133417
133420
133434
133457
133470
133475
133480
133503
133506
133508
133525
133526
133531
133533
133552
133581
133597
133598
133599
133603
133607
133611
133616
133617
133618
133621
133626
133627
133633
133643
133647
133655
133656
133663
133669
133673
133685
133688
133697
133707
133710
133714
133724
133728
133734
133755
133769
133781
133784
133786
133792
133819
133842
133843
133846
133847
133854
133895
133897
133904
133906
133915
133936
133943
133961
133970
133994
133999
134022
134038
134040
134079
134080
134082
134083
134084
134087
134090
134091
134092
134093
134098
134162
134166
134168
134170
134200
134208
134217
134227
134236
134239
134254
134255
134263
134288
134309
134315
134316
134320
134335
134338
134346
134354
134355
134377
134394
134427
134431
134435
134440
134442
134449
134466
134483
134489
134492
134516
134523
134527
134554
134571
134573
134596
134599
134606
134607
134629
134633
134636
134642
134667
134670
134673
134676
134679
134686
134690
134693
134715
134728
134734
134739
134744
134747
134764
134801
134809
134813
134816
134818
134830
134835
134836
134844
134845
134848
134880
134889
134902
134913
134914
134931
134937
134939
134960
134969
134979
135024
135031
135033
135044
135045
135046
135047
135059
135067
135078
135097
135106
135110
135113
135129
135149
135151
135179
135183
135184
135194
135195
135196
135198
135215
135219
135224
135231
135245
135259
135265
135267
135270
135273
135274
135277
135286
135300
135305
135318
135329
135334
135346
135368
135370
135401
135405
135423
135428
135444
135445
135453
135454
135460
135461
135467
135501
135504
135510
135516
135518
135530
135544
135566
135567
135575
135582
135585
135587
135593
135596
135614
135616
135647
135672
135690
135699
135704
135712
135724
135731
135738
135772
135779
135794
135798
135803
135808
135823
135861
135891
135896
135897
135927
135928
135934
135949
135961
135979
135987
135991
136007
136026
136031
136049
136056
136058
136059
136061
136074
136100
136118
136128
136131
136137
136143
136148
136151
136155
136156
136162
136169
136174
136191
136202
136211
136213
136229
136238
136240
136247
136267
136294
136301
136302
136304
136325
136334
136335
136337
136347
136359
136364
136367
136419
136440
136451
136455
136456
136462
136466
136504
136507
136509
136524
136528
136529
136576
136581
136587
136632
136661
136679
136687
136690
136691
136695
136697
136716
136739
136744
136753
136758
136760
136769
136776
136777
136796
136807
136812
136819
136823
136829
136834
136855
136882
136893
136913
136928
136930
136934
136935
136939
136949
136951
136978
136982
136986
136991
136994
137003
137008
137018
137044
137045
137054
137062
137063
137068
137095
137100
137101
137128
137143
137144
137145
137147
137157
137161
137164
137165
137172
137174
137188
137210
137250
137253
137259
137261
137265
137275
137279
137280
137296
137322
137327
137346
137351
137354
137361
137372
137373
137374
137389
137400
137406
137412
137414
137420
137428
137433
137459
137465
137467
137471
137487
137499
137512
137515
137516
137523
137532
137533
137542
137545
137567
137572
137583
137584
137585
137590
137598
137624
137630
137632
137633
137654
137656
137683
137694
137695
137699
137704
137728
137744
137752
137758
137773
137776
137807
137830
137850
137852
137863
137912
137916
137917
137922
137923
137927
137928
137931
137934
137935
137940
137950
137962
137968
137970
137971
137983
137996
138003
138006
138012
138025
138029
138059
138062
138065
138080
138084
138086
138091
138120
138123
138133
138156
138158
138167
138171
138175
138183
138189
138198
138217
138226
138232
138240
138265
138279
138287
138288
138297
138324
138331
138336
138344
138345
138360
138361
138367
138371
138377
138387
138400
138402
138404
138407
138411
138412
138432
138449
138461
138485
138498
138505
138509
138539
138547
138553
138555
138557
138558
138564
138566
138576
138596
138597
138599
138624
138636
138642
138646
138661
138664
138665
138667
138669
138674
138689
138693
138696
138703
138711
138712
138714
138717
138752
138764
138765
138771
138778
138783
138785
138787
138798
138800
138808
138823
138835
138840
138845
138850
138865
138870
138873
138881
138885
138891
138905
138938
138939
138983
138985
139003
139006
139013
139016
139028
139030
139034
139045
139051
139054
139055
139066
139068
139069
139072
139078
139086
139114
139121
139122
139123
139125
139133
139139
139140
139141
139143
139148
139151
139163
139165
139176
139194
139203
139231
139238
139241
139253
139259
139279
139284
139289
139292
139294
139314
139331
139356
139358
139363
139368
139375
139379
139390
139394
139403
139405
139419
139426
139441
139442
139463
139477
139481
139516
139524
139525
139528
139530
139539
139563
139568
139574
139576
139578
139583
139591
139613
139617
139633
139637
139648
139702
139704
139706
139713
139718
139725
139727
139730
139733
139736
139742
139745
139746
139747
139754
139757
139778
139796
139800
139805
139814
139816
139817
139818
139821
139826
139834
139845
139846
139856
139860
139862
139879
139890
139899
139902
139933
139936
139938
139944
139950
139951
139956
139972
139975
139978
139994
140001
140016
140019
140026
140029
140030
140032
140040
140060
140098
140101
140108
140109
140111
140120
140124
140134
140141
140147
140150
140164
140165
140168
140172
140173
140176
140192
140194
140201
140232
140279
140290
140292
140296
140297
140309
140315
140327
140344
140355
140369
140375
140386
140392
140396
140411
140419
140442
140456
140472
140476
140477
140492
140503
140507
140520
140523
140528
140536
140543
140555
140558
140577
140618
140623
140628
140633
140636
140653
140665
140666
140668
140681
140700
140702
140704
140707
140713
140725
140752
140757
140779
140781
140782
140790
140805
140809
140816
140825
140830
140832
140841
140880
140897
140905
140906
140913
140915
140918
140923
140928
140929
140952
140957
140960
140983
140987
141006
141032
141044
141049
141061
141073
141088
141089
141091
141103
141104
141105
141141
141144
141151
141163
141166
141170
141179
141189
141201
141207
141208
141211
141228
141232
141233
141236
141238
141251
141275
141291
141299
141310
141314
141315
141321
141329
141341
141358
141362
141363
141370
141389
141395
141405
141423
141431
141453
141459
141499
141501
141510
141526
141534
141543
141565
141571
141577
141584
141590
141594
141596
141612
141620
141642
141644
141648
141663
141667
141670
141674
141693
141696
141702
141710
141741
141750
141795
141800
141801
141834
141845
141849
141852
141862
141866
141888
141895
141902
141903
141921
141923
141926
141933
141939
141944
141967
141982
141985
141988
141991
141994
141997
142025
142034
142035
142038
142047
142069
142079
142097
142099
142143
142174
142205
142206
142210
142247
142253
142265
142266
142272
142297
142304
142310
142315
142316
142330
142349
142373
142406
142409
142424
142437
142445
142448
142461
142470
142471
142474
142505
142510
142513
142519
142541
142545
142548
142552
142553
142556
142563
142577
142613
142614
142623
142634
142635
142636
142684
142702
142704
142707
142710
142720
142736
142737
142741
142751
142759
142775
142787
142788
142799
142806
142809
142811
142826
142830
142839
142862
142870
142872
142873
142882
142905
142906
142918
142923
142927
142930
142932
142941
142948
142949
142954
142955
142974
142976
142988
142993
143009
143021
143029
143030
143039
143041
143078
143083
143101
143124
143127
143130
143150
143156
143165
143184
143190
143204
143220
143228
143238
143245
143246
143255
143256
143265
143273
143313
143330
143334
143339
143344
143349
143377
143382
143388
143402
143416
143417
143422
143426
143446
143456
143516
143561
143586
143613
143626
143638
143648
143679
143681
143715
143723
143724
143729
143730
143735
143740
143741
143744
143750
143756
143761
143769
143776
143782
143788
143824
143831
143832
143851
143864
143877
143898
143904
143908
143909
143917
143921
143928
143929
143939
143948
143972
143974
143975
143984
143985
143991
144002
144011
144020
144035
144041
144049
144052
144056
144057
144087
144088
144090
144091
144112
144124
144127
144141
144147
144148
144164
144176
144190
144215
144216
144219
144253
144264
144279
144282
144290
144295
144313
144317
144318
144337
144341
144347
144359
144365
144366
144369
144372
144385
144388
144399
144404
144406
144419
144420
144436
144438
144442
144443
144445
144447
144451
144469
144470
144472
144503
144504
144513
144519
144525
144529
144536
144550
144556
144564
144567
144573
144574
144575
144576
144587
144588
144596
144605
144606
144610
144646
144657
144661
144662
144668
144685
144688
144713
144718
144723
144726
144737
144746
144749
144779
144780
144786
144796
144800
144803
144825
144831
144842
144856
144861
144862
144870
144882
144892
144897
144911
144918
144949
144950
144964
144967
144993
145004
145010
145030
145034
145037
145049
145051
145062
145063
145067
145069
145075
145093
145115
145119
145132
145138
145161
145181
145204
145207
145222
145226
145241
145254
145257
145286
145287
145295
145306
145324
145335
145353
145366
145375
145376
145378
145385
145397
145398
145399
145412
145427
145428
145430
145439
145443
145461
145462
145465
145467
145480
145514
145518
145525
145526
145530
145535
145553
145561
145565
145569
145574
145592
145603
145611
145614
145633
145656
145663
145677
145688
145726
145733
145738
145739
145748
145757
145758
145760
145774
145777
145778
145780
145781
145791
145795
145797
145800
145810
145846
145856
145868
145869
145870
145873
145875
145877
145880
145891
145900
145908
145911
145914
145920
145923
145924
145926
145932
145937
145939
145941
145965
145981
145983
146007
146016
146021
146033
146037
146040
146051
146062
146066
146086
146094
146095
146096
146102
146103
146118
146125
146126
146184
146196
146197
146200
146219
146227
146228
146229
146267
146269
146278
146280
146299
146303
146305
146325
146338
146339
146347
146348
146349
146351
146359
146368
146373
146391
146396
146400
146416
146421
146424
146431
146443
146444
146467
146475
146479
146528
146569
146575
146578
146590
146597
146613
146621
146629
146632
146650
146651
146663
146670
146724
146725
146729
146749
146755
146759
146786
146794
146809
146811
146827
146828
146835
146847
146848
146870
146904
146911
146913
146918
146920
146927
146934
146940
146951
146953
146959
146967
146988
146989
146993
146994
146996
147020
147025
147027
147030
147037
147040
147042
147078
147080
147082
147093
147096
147097
147098
147117
147118
147123
147125
147127
147132
147140
147145
147168
147186
147199
147201
147213
147250
147252
147257
147259
147278
147292
147305
147311
147322
147326
147342
147356
147360
147361
147374
147390
147394
147401
147402
147421
147423
147436
147447
147450
147474
147487
147490
147499
147506
147507
147509
147514
147532
147547
147552
147567
147577
147587
147593
147601
147609
147618
147626
147651
147656
147657
147658
147681
147686
147697
147698
147699
147706
147717
147719
147723
147725
147728
147729
147730
147733
147737
147749
147764
147766
147785
147796
147802
147820
147825
147856
147867
147890
147897
147911
147935
147945
147946
147949
147950
147954
147958
147961
147964
147988
147995
148012
148025
148034
148037
148050
148067
148072
148079
148087
148093
148097
148105
148113
148116
148138
148139
148147
148160
148162
148163
148172
148175
148176
148197
148200
148214
148225
148236
148238
148256
148278
148294
148309
148326
148330
148337
148338
148350
148371
148374
148375
148377
148379
148390
148398
148406
148411
148432
148434
148451
148454
148455
148463
148469
148476
148477
148480
148481
148485
148493
148503
148510
148514
148519
148541
148545
148547
148551
148558
148569
148578
148588
148589
148603
148605
148608
148626
148638
148641
148642
148662
148665
148667
148675
148677
148685
148687
148688
148708
148710
148717
148730
148736
148743
148746
148750
148752
148757
148765
148767
148781
148789
148791
148801
148811
148812
148819
148840
148853
148857
148859
148879
148887
148888
148895
148899
148904
148905
148911
148912
148934
148937
148939
148953
148959
148972
148996
149015
149021
149042
149051
149055
149056
149068
149069
149075
149077
149091
149097
149103
149107
149110
149114
149115
149116
149119
149133
149139
149157
149185
149192
149202
149204
149223
149232
149235
149243
149292
149293
149294
149326
149327
149336
149366
149378
149392
149393
149397
149400
149412
149418
149421
149464
149473
149475
149492
149496
149516
149549
149552
149557
149558
149561
149565
149576
149585
149588
149604
149626
149633
149654
149668
149674
149690
149696
149698
149709
149723
149730
149736
149739
149745
149761
149766
149767
149773
149775
149777
149778
149780
149781
149789
149798
149804
149807
149812
149823
149829
149830
149837
149849
149851
149858
149860
149879
149889
149894
149895
149897
149909
149918
149926
149927
149933
149936
149944
149958
149964
149965
149978
149984
150010
150018
150023
150029
150030
150036
150037
150043
150044
150070
150077
150096
150126
150129
150134
150171
150183
150196
150198
150234
150237
150246
150248
150249
150250
150251
150253
150257
150258
150267
150284
150294
150300
150302
150303
150304
150313
150330
150348
150356
150360
150365
150367
150373
150384
150396
150398
150410
150414
150416
150422
150425
150426
150460
150461
150463
150471
150481
150490
150494
150505
150522
150558
150562
150566
150596
150601
150612
150628
150634
150638
150642
150643
150656
150695
150701
150710
150715
150725
150738
150740
150753
150756
150759
150774
150781
150785
150796
150803
150812
150821
150854
150860
150862
150871
150875
150876
150888
150889
150895
150899
150917
150934
150941
150956
150969
150974
150979
150985
150988
150989
151002
151003
151006
151010
151013
151022
151036
151056
151075
151078
151082
151090
151091
151092
151102
151122
151135
151141
151149
151156
151160
151172
151193
151203
151228
151243
151261
151264
151273
151275
151312
151313
151317
151318
151320
151323
151325
151331
151337
151340
151341
151343
151362
151376
151377
151387
151410
151422
151434
151435
151444
151446
151451
151476
151493
151494
151496
151515
151536
151547
151556
151569
151581
151588
151597
151610
151622
151627
151628
151643
151648
151650
151653
151655
151658
151666
151667
151668
151669
151703
151726
151728
151729
151752
151753
151757
151778
151787
151813
151832
151850
151856
151860
151861
151890
151891
151895
151907
151910
151911
151915
151920
151925
151930
151970
151975
151998
152004
152013
152019
152030
152045
152055
152069
152070
152077
152088
152098
152105
152107
152116
152121
152138
152141
152143
152150
152151
152158
152161
152164
152181
152188
152190
152193
152206
152216
152225
152232
152251
152260
152291
152302
152303
152307
152310
152311
152316
152317
152349
152358
152360
152370
152372
152391
152401
152420
152448
152449
152452
152460
152474
152499
152517
152520
152522
152528
152533
152540
152542
152553
152559
152564
152567
152579
152585
152596
152597
152602
152607
152613
152616
152617
152619
152669
152681
152683
152694
152696
152711
152718
152729
152737
152742
152746
152782
152787
152795
152815
152838
152840
152842
152844
152852
152871
152885
152895
152898
152899
152902
152933
152940
152952
152953
152955
152957
152964
152977
152985
152990
152996
153002
153006
153007
153034
153038
153050
153053
153060
153065
153071
153075
153102
153109
153121
153128
153143
153161
153163
153170
153173
153178
153183
153202
153210
153216
153217
153225
153243
153247
153249
153256
153263
153289
153308
153316
153336
153337
153340
153349
153359
153360
153362
153366
153378
153380
153403
153409
153412
153413
153433
153438
153445
153456
153470
153476
153477
153479
153481
153506
153507
153529
153532
153541
153544
153564
153588
153593
153594
153610
153616
153665
153671
153672
153677
153678
153717
153721
153725
153726
153730
153733
153740
153748
153757
153758
153759
153766
153786
153791
153800
153806
153828
153841
153848
153851
153853
153855
153866
153873
153874
153875
153881
153883
153886
153902
153909
153922
153939
153946
153955
153958
153963
153966
153968
153975
153979
154000
154003
154004
154006
154010
154041
154048
154050
154054
154057
154077
154091
154092
154094
154107
154115
154120
154121
154123
154128
154140
154148
154150
154151
154157
154159
154167
154172
154202
154203
154204
154210
154220
154225
154226
154232
154239
154242
154245
154254
154256
154257
154264
154272
154274
154285
154301
154304
154323
154331
154336
154345
154347
154394
154407
154414
154419
154421
154427
154429
154439
154442
154456
154457
154459
154466
154468
154473
154477
154485
154488
154499
154544
154545
154551
154567
154583
154590
154593
154621
154624
154630
154641
154650
154655
154662
154663
154668
154672
154675
154694
154704
154706
154712
154721
154725
154736
154757
154761
154774
154777
154780
154785
154786
154791
154793
154801
154802
154816
154825
154831
154832
154842
154867
154873
154874
154880
154889
154891
154901
154904
154906
154915
154919
154929
154940
154941
154942
154948
154966
154968
154977
155006
155013
155031
155042
155053
155066
155068
155079
155088
155092
155103
155106
155125
155137
155148
155154
155167
155174
155177
155205
155207
155216
155219
155221
155223
155225
155241
155244
155256
155263
155267
155268
155270
155299
155328
155329
155338
155342
155345
155376
155387
155409
155422
155424
155428
155441
155470
155495
155512
155514
155532
155533
155539
155542
155565
155570
155578
155579
155584
155586
155593
155596
155598
155614
155625
155635
155636
155640
155643
155651
155656
155678
155682
155685
155686
155687
155693
155697
155732
155743
155746
155748
155756
155768
155772
155773
155782
155794
155797
155801
155802
155805
155807
155813
155822
155827
155851
155858
155861
155865
155867
155869
155873
155883
155887
155888
155889
155890
155896
155936
155951
155954
155966
155979
155994
155996
156008
156036
156042
156051
156066
156093
156134
156139
156151
156159
156166
156190
156192
156202
156203
156204
156207
156215
156216
156217
156221
156222
156225
156226
156230
156280
156287
156300
156355
156365
156370
156374
156403
156404
156408
156414
156415
156437
156439
156461
156485
156494
156496
156501
156507
156532
156533
156534
156536
156540
156545
156554
156558
156569
156586
156592
156598
156614
156626
156631
156638
156642
156650
156663
156669
156670
156684
156697
156712
156715
156722
156723
156728
156730
156732
156740
156768
156781
156787
156788
156795
156805
156815
156820
156833
156842
156843
156851
156862
156864
156870
156879
156882
156886
156892
156900
156902
156933
156949
156950
156952
156965
156968
156988
157002
157005
157007
157019
157054
157055
157066
157068
157084
157113
157127
157156
157170
157173
157188
157193
157200
157202
157203
157207
157211
157239
157244
157247
157259
157260
157269
157271
157276
157278
157282
157291
157293
157304
157306
157310
157321
157351
157355
157371
157375
157393
157401
157407
157424
157430
157441
157443
157444
157466
157482
157483
157484
157492
157494
157507
157508
157527
157530
157543
157569
157593
157595
157609
157622
157632
157646
157649
157651
157657
157660
157672
157684
157690
157712
157719
157720
157722
157723
157733
157739
157740
157742
157746
157749
157752
157754
157772
157790
157794
157822
157824
157825
157862
157864
157873
157885
157888
157893
157895
157899
157900
157921
157924
157926
157949
157955
157966
157975
157980
157981
157990
157993
158001
158014
158019
158023
158024
158036
158042
158061
158063
158068
158069
158082
158093
158094
158111
158114
158115
158117
158118
158122
158134
158157
158160
158164
158186
158187
158188
158213
158218
158240
158241
158245
158251
158254
158278
158302
158303
158305
158324
158329
158333
158342
158343
158349
158360
158394
158397
158410
158427
158435
158436
158439
158440
158441
158454
158476
158483
158487
158502
158508
158513
158520
158524
158536
158540
158549
158562
158566
158567
158576
158578
158628
158629
158631
158639
158640
158644
158654
158655
158658
158665
158678
158679
158691
158692
158695
158697
158698
158699
158701
158706
158716
158723
158726
158727
158731
158761
158766
158792
158795
158805
158809
158810
158811
158812
158828
158830
158839
158843
158844
158851
158865
158867
158871
158872
158880
158887
158895
158905
158910
158932
158937
158938
158956
158957
158960
158964
158992
158993
158994
159001
159009
159031
159050
159052
159055
159056
159074
159088
159096
159100
159117
159126
159128
159145
159146
159152
159154
159156
159162
159165
159174
159177
159179
159182
159184
159199
159205
159206
159219
159234
159241
159246
159248
159250
159263
159281
159287
159293
159300
159326
159331
159343
159345
159348
159349
159352
159358
159382
159396
159397
159405
159410
159411
159414
159422
159426
159428
159453
159455
159456
159457
159471
159486
159487
159489
159529
159537
159540
159555
159557
159559
159565
159573
159582
159627
159634
159635
159638
159639
159644
159667
159684
159687
159691
159694
159699
159710
159717
159730
159735
159739
159763
159770
159777
159779
159780
159787
159798
159799
159802
159827
159830
159854
159865
159869
159884
159889
159896
159899
159901
159902
159915
159929
159948
159983
159988
159993
159994
159996
160011
160012
160015
160020
160021
160023
160027
160033
160037
160048
160049
160050
160070
160072
160083
160089
160090
160091
160093
160101
160102
160125
160139
160140
160145
160147
160148
160149
160156
160184
160212
160221
160224
160226
160230
160248
160251
160257
160268
160276
160312
160340
160348
160350
160357
160358
160371
160387
160389
160398
160411
160412
160425
160449
160454
160457
160472
160482
160486
160493
160497
160499
160501
160507
160509
160514
160515
160517
160522
160524
160528
160567
160574
160575
160582
160592
160601
160635
160637
160654
160662
160663
160681
160684
160688
160693
160699
160724
160727
160737
160751
160757
160760
160761
160765
160796
160801
160816
160846
160849
160854
160861
160873
160874
160901
160904
160906
160914
160915
160916
160923
160924
160930
160932
160935
160950
160959
160960
160961
160963
160964
160993
161001
161024
161036
161039
161043
161051
161063
161071
161076
161079
161091
161096
161104
161109
161121
161122
161124
161125
161126
161131
161134
161141
161142
161149
161160
161165
161167
161180
161189
161203
161211
161212
161215
161221
161226
161239
161241
161253
161264
161288
161290
161295
161301
161317
161343
161344
161347
161349
161350
161352
161354
161366
161374
161381
161385
161390
161392
161401
161421
161423
161436
161440
161441
161448
161463
161464
161475
161484
161492
161504
161521
161526
161528
161531
161540
161543
161553
161569
161586
161591
161593
161594
161598
161600
161615
161644
161648
161657
161669
161685
161700
161718
161722
161725
161732
161737
161746
161755
161756
161778
161782
161788
161802
161806
161811
161812
161816
161821
161827
161839
161841
161849
161865
161870
161878
161887
161895
161896
161898
161942
161945
161951
161952
161955
161958
162005
162017
162018
162028
162054
162057
162062
162067
162068
162074
162088
162115
162117
162120
162131
162141
162165
162168
162172
162175
162176
162182
162184
162188
162192
162207
162214
162220
162231
162237
162251
162271
162309
162326
162354
162359
162383
162384
162390
162392
162394
162401
162416
162418
162419
162421
162428
162433
162453
162463
162505
162537
162538
162540
162541
162542
162543
162545
162548
162552
162561
162572
162574
162586
162597
162600
162605
162606
162613
162629
162633
162651
162654
162659
162673
162678
162714
162723
162750
162758
162761
162763
162780
162784
162786
162793
162794
162797
162799
162801
162815
162824
162834
162837
162842
162853
162862
162865
162868
162872
162877
162884
162885
162909
162934
162944
162946
162969
162983
162986
162994
163007
163011
163012
163021
163027
163034
163051
163053
163057
163099
163104
163108
163117
163121
163132
163137
163138
163165
163204
163214
163224
163225
163226
163237
163262
163266
163271
163273
163279
163296
163303
163309
163314
163325
163326
163332
163355
163357
163359
163361
163372
163373
163380
163398
163399
163406
163408
163412
163426
163444
163449
163459
163483
163486
163499
163500
163507
163512
163514
163516
163520
163521
163523
163526
163527
163531
163555
163576
163578
163579
163590
163622
163632
163645
163685
163686
163690
163691
163702
163728
163730
163737
163740
163745
163750
163751
163756
163757
163759
163762
163765
163789
163822
163832
163835
163837
163840
163851
163855
163860
163861
163901
163903
163906
163912
163916
163917
163918
163925
163937
163939
163962
163963
163970
163973
163976
163977
163978
163982
163984
163986
164002
164015
164019
164023
164028
164035
164053
164065
164071
164082
164086
164098
164100
164118
164133
164136
164151
164154
164173
164182
164187
164193
164194
164201
164212
164213
164220
164225
164235
164244
164265
164296
164302
164305
164306
164317
164324
164331
164340
164355
164374
164379
164408
164428
164433
164436
164441
164452
164453
164487
164490
164493
164511
164533
164553
164556
164566
164605
164606
164607
164616
164619
164620
164627
164629
164640
164641
164655
164662
164665
164668
164671
164678
164679
164681
164684
164685
164688
164720
164721
164731
164735
164742
164747
164756
164760
164766
164780
164801
164807
164823
164824
164852
164856
164860
164864
164865
164876
164877
164880
164885
164886
164889
164894
164896
164922
164928
164929
164931
164941
164955
164963
164986
164994
164998
165000
165001
165004
165024
165026
165037
165043
165058
165076
165093
165100
165112
165164
165174
165175
165232
165256
165261
165288
165312
165329
165330
165331
165332
165338
165339
165351
165357
165362
165364
165371
165375
165393
165394
165400
165409
165411
165417
165432
165437
165438
165459
165463
165465
165471
165475
165487
165499
165515
165516
165520
165525
165526
165549
165550
165556
165559
165562
165576
165583
165594
165599
165627
165630
165633
165637
165641
165651
165661
165667
165695
165708
165710
165711
165722
165731
165733
165746
165758
165763
165773
165787
165788
165808
165824
165825
165833
165840
165860
165866
165880
165883
165892
165896
165903
165916
165919
165921
165942
165954
165957
165962
165976
165983
165997
166005
166055
166064
166065
166083
166086
166094
166098
166103
166109
166112
166119
166121
166122
166124
166127
166128
166133
166140
166150
166154
166161
166164
166166
166177
166181
166182
166183
166189
166194
166198
166201
166202
166205
166215
166239
166244
166245
166262
166264
166265
166267
166270
166285
166290
166304
166308
166335
166341
166342
166345
166349
166365
166370
166376
166379
166386
166391
166403
166405
166409
166410
166422
166450
166453
166456
166486
166497
166504
166519
166520
166522
166525
166537
166538
166564
166574
166594
166599
166603
166604
166607
166636
166647
166651
166660
166664
166665
166669
166692
166704
166706
166724
166732
166737
166747
166750
166752
166767
166768
166775
166776
166777
166778
166780
166797
166799
166814
166815
166816
166847
166850
166888
166906
166911
166913
166917
166924
166926
166932
166948
166961
166963
166964
166966
166973
166974
166976
166981
166990
166995
166997
166998
167001
167027
167028
167031
167045
167049
167055
167059
167060
167075
167076
167098
167109
167122
167123
167137
167143
167148
167173
167174
167182
167188
167200
167203
167206
167210
167225
167245
167252
167278
167284
167289
167293
167301
167305
167307
167312
167322
167339
167343
167344
167347
167348
167349
167358
167361
167367
167371
167403
167407
167410
167442
167456
167480
167493
167498
167513
167516
167556
167557
167573
167579
167580
167582
167588
167595
167604
167608
167609
167621
167622
167629
167633
167636
167656
167657
167689
167693
167696
167700
167704
167705
167710
167739
167741
167744
167746
167747
167752
167770
167778
167783
167791
167809
167811
167817
167820
167831
167837
167840
167848
167862
167881
167886
167888
167895
167904
167905
167909
167911
167927
167935
167936
167959
167964
167969
167980
167984
167993
167998
168008
168030
168034
168037
168040
168045
168059
168065
168079
168080
168081
168101
168102
168112
168113
168120
168130
168171
168173
168175
168183
168185
168188
168191
168207
168211
168212
168220
168228
168237
168242
168247
168254
168274
168279
168292
168296
168312
168318
168330
168356
168375
168380
168381
168382
168385
168387
168400
168430
168433
168443
168444
168453
168479
168484
168495
168508
168515
168521
168524
168531
168542
168545
168548
168555
168563
168564
168568
168571
168583
168584
168587
168600
168608
168609
168610
168616
168623
168634
168636
168637
168644
168657
168665
168666
168682
168691
168697
168702
168708
168714
168740
168747
168752
168765
168768
168783
168797
168799
168804
168809
168813
168818
168828
168836
168837
168846
168853
168854
168855
168856
168858
168868
168869
168886
168889
168893
168895
168900
168931
168936
168937
168947
168976
168984
168998
169022
169067
169071
169072
169073
169076
169099
169104
169106
169111
169122
169146
169159
169162
169165
169194
169199
169209
169214
169215
169221
169239
169264
169270
169274
169290
169292
169293
169298
169310
169316
169331
169334
169342
169352
169361
169382
169392
169405
169410
169417
169437
169454
169457
169477
169486
169488
169491
169516
169519
169520
169533
169541
169553
169580
169601
169613
169626
169630
169631
169634
169637
169643
169646
169650
169653
169666
169671
169677
169680
169697
169701
169709
169716
169717
169721
169732
169765
169766
169776
169777
169778
169781
169783
169788
169798
169814
169827
169833
169835
169838
169851
169853
169854
169870
169906
169925
169929
169930
169959
169964
169970
169972
170001
170012
170024
170025
170028
170042
170045
170049
170052
170060
170071
170072
170074
170083
170088
170100
170132
170152
170153
170164
170175
170181
170189
170194
170201
170209
170224
170226
170227
170230
170238
170240
170241
170244
170246
170249
170251
170256
170273
170279
170288
170289
170292
170300
170302
170317
170324
170331
170353
170369
170374
170376
170381
170387
170394
170395
170396
170402
170407
170408
170409
170419
170428
170429
170436
170442
170443
170455
170458
170459
170463
170467
170471
170476
170483
170506
170529
170530
170537
170551
170558
170571
170576
170590
170591
170603
170618
170621
170625
170627
170628
170636
170637
170656
170668
170669
170683
170689
170722
170726
170738
170742
170747
170758
170776
170788
170789
170790
170797
170809
170820
170828
170829
170833
170835
170844
170854
170861
170862
170864
170874
170881
170882
170883
170890
170894
170910
170922
170934
170936
170939
170940
170962
170963
170967
170968
170979
170995
170998
171004
171026
171052
171065
171075
171083
171084
171107
171110
171114
171118
171121
171124
171128
171130
171131
171137
171148
171164
171173
171175
171178
171188
171195
171196
171200
171214
171219
171227
171241
171244
171248
171255
171261
171264
171267
171271
171299
171300
171309
171325
171329
171343
171360
171365
171373
171374
171383
171385
171387
171393
171398
171405
171416
171423
171431
171436
171438
171443
171445
171469
171495
171502
171515
171539
171554
171556
171558
171572
171574
171582
171597
171599
171600
171607
171611
171615
171621
171639
171650
171656
171657
171666
171673
171681
171683
171705
171706
171717
171724
171735
171737
171745
171751
171754
171758
171770
171771
171775
171778
171791
171818
171826
171831
171832
171835
171838
171857
171861
171864
171869
171872
171882
171884
171885
171886
171889
171895
171901
171932
171938
171940
171944
171952
171964
171965
171980
171991
172005
172015
172039
172052
172054
172055
172084
172097
172105
172108
172133
172137
172139
172160
172164
172179
172184
172198
172203
172210
172212
172219
172222
172250
172257
172259
172263
172276
172280
172284
172297
172300
172315
172316
172355
172371
172372
172386
172403
172407
172413
172418
172428
172436
172440
172442
172448
172464
172465
172468
172469
172474
172480
172495
172504
172518
172564
172570
172571
172580
172588
172597
172603
172604
172607
172612
172624
172639
172640
172658
172667
172672
172677
172679
172681
172690
172719
172724
172730
172732
172737
172738
172746
172750
172756
172760
172765
172796
172799
172809
172811
172812
172818
172833
172837
172839
172852
172867
172871
172877
172879
172890
172896
172908
172911
172913
172919
172922
172925
172951
172960
172972
172996
173010
173031
173032
173037
173039
173050
173056
173066
173068
173073
173079
173112
173113
173115
173129
173131
173134
173136
173148
173153
173154
173184
173185
173215
173216
173217
173223
173238
173240
173256
173270
173273
173278
173287
173305
173308
173310
173329
173330
173340
173347
173363
173369
173387
173389
173390
173407
173411
173414
173424
173436
173437
173439
173442
173445
173449
173455
173468
173474
173477
173494
173495
173499
173507
173512
173523
173527
173532
173538
173539
173546
173564
173586
173589
173603
173607
173608
173618
173621
173623
173626
173654
173660
173667
173682
173691
173696
173700
173707
173716
173719
173720
173722
173726
173740
173743
173750
173756
173758
173759
173768
173787
173788
173793
173815
173816
173821
173837
173854
173857
173864
173869
173873
173875
173887
173890
173902
173916
173927
173929
173944
173948
173950
173975
173986
173989
173994
173998
174005
174010
174020
174027
174032
174035
174038
174054
174055
174056
174076
174077
174092
174097
174113
174120
174124
174132
174136
174141
174147
174153
174159
174195
174203
174224
174246
174257
174258
174298
174307
174316
174331
174332
174335
174348
174359
174371
174373
174393
174396
174408
174410
174425
174445
174448
174458
174472
174487
174504
174505
174517
174530
174532
174538
174542
174553
174557
174579
174582
174602
174612
174644
174645
174668
174672
174691
174693
174699
174703
174734
174760
174777
174786
174788
174795
174796
174811
174819
174826
174843
174850
174858
174859
174872
174874
174876
174877
174879
174889
174890
174891
174902
174904
174913
174916
174921
174926
174927
174928
174929
174938
174944
174946
174976
174988
175013
175026
175032
175036
175039
175073
175085
175088
175090
175091
175094
175116
175124
175126
175127
175133
175134
175139
175141
175144
175150
175151
175165
175175
175209
175215
175218
175226
175229
175235
175263
175284
175287
175294
175300
175310
175312
175327
175328
175336
175342
175348
175351
175359
175362
175372
175374
175382
175385
175414
175430
175440
175442
175446
175458
175475
175499
175507
175508
175511
175512
175513
175515
175518
175520
175534
175536
175554
175559
175561
175563
175567
175571
175579
175580
175590
175592
175608
175621
175623
175626
175627
175628
175650
175653
175663
175666
175676
175677
175682
175702
175703
175710
175716
175717
175721
175722
175734
175760
175764
175765
175769
175774
175785
175786
175790
175792
175793
175800
175806
175813
175826
175837
175849
175862
175880
175884
175889
175890
175901
175902
175906
175909
175914
175916
175917
175927
175934
175942
175949
175967
175985
176006
176009
176020
176021
176027
176033
176039
176043
176045
176046
176049
176055
176057
176058
176067
176071
176078
176097
176110
176112
176121
176133
176144
176154
176161
176162
176166
176172
176193
176194
176202
176206
176218
176238
176239
176241
176254
176263
176274
176295
176297
176298
176299
176304
176305
176309
176315
176361
176379
176382
176387
176403
176407
176413
176421
176424
176430
176437
176464
176465
176489
176493
176495
176497
176502
176520
176534
176535
176536
176540
176544
176550
176559
176572
176573
176578
176619
176622
176623
176624
176628
176635
176646
176651
176656
176659
176660
176668
176677
176678
176681
176684
176703
176707
176708
176721
176723
176724
176735
176756
176770
176778
176782
176789
176790
176795
176801
176804
176813
176820
176841
176862
176863
176867
176869
176870
176873
176885
176886
176894
176915
176918
176944
176952
176963
176968
176969
177005
177006
177009
177013
177019
177031
177041
177045
177081
177083
177087
177095
177117
177149
177153
177158
177163
177167
177189
177191
177210
177217
177221
177249
177254
177280
177289
177294
177297
177310
177368
177372
177379
177384
177412
177429
177438
177440
177447
177459
177461
177468
177469
177492
177496
177498
177499
177501
177505
177509
177513
177516
177525
177533
177541
177551
177555
177556
177560
177564
177566
177569
177574
177582
177592
177605
177607
177608
177614
177638
177644
177653
177663
177665
177666
177671
177719
177720
177728
177730
177736
177741
177764
177803
177825
177839
177844
177855
177867
177881
177909
177941
177944
177948
177950
177951
177952
177954
177961
177962
177965
177986
177987
177990
177991
177995
178015
178024
178025
178030
178031
178036
178040
178054
178094
178102
178119
178122
178138
178152
178162
178179
178185
178187
178199
178200
178203
178204
178205
178206
178211
178220
178224
178232
178241
178259
178261
178262
178274
178299
178303
178311
178314
178318
178335
178337
178338
178371
178378
178383
178391
178396
178402
178405
178432
178433
178445
178446
178447
178456
178469
178472
178488
178492
178493
178499
178500
178509
178510
178511
178515
178524
178545
178549
178556
178562
178564
178565
178566
178586
178589
178593
178600
178610
178612
178614
178618
178627
178631
178643
178654
178660
178661
178662
178667
178679
178680
178688
178690
178694
178702
178703
178704
178712
178723
178732
178748
178753
178759
178760
178761
178778
178789
178825
178830
178833
178845
178850
178856
178861
178868
178871
178906
178912
178917
178926
178930
178935
178960
178963
178978
178983
179000
179004
179022
179032
179043
179067
179070
179072
179075
179085
179109
179121
179125
179144
179155
179156
179162
179171
179176
179181
179182
179186
179193
179201
179205
179213
179216
179231
179232
179236
179238
179241
179265
179268
179287
179288
179290
179304
179305
179308
179310
179311
179314
179325
179343
179378
179407
179410
179411
179414
179416
179425
179427
179447
179449
179461
179466
179473
179483
179486
179494
179508
179512
179515
179524
179526
179555
179556
179559
179570
179574
179577
179580
179590
179607
179609
179616
179628
179643
179650
179655
179666
179685
179690
179700
179703
179708
179720
179727
179730
179731
179735
179736
179738
179741
179749
179750
179754
179759
179764
179765
179778
179788
179797
179800
179812
179813
179825
179860
179861
179869
179876
179878
179880
179883
179903
179913
179914
179942
179946
179970
179977
179980
179997
180003
180048
180056
180057
180060
180061
180064
180073
180077
180078
180085
180104
180109
180121
180126
180155
180172
180192
180193
180196
180201
180202
180218
180221
180234
180246
180255
180256
180265
180270
180278
180281
180282
180283
180304
180309
180322
180323
180329
180344
180376
180377
180379
180393
180401
180402
180409
180410
180414
180421
180422
180425
180426
180430
180434
180438
180439
180442
180444
180446
180447
180453
180468
180475
180482
180486
180494
180508
180510
180516
180526
180527
180539
180543
180548
180555
180559
180562
180570
180573
180577
180594
180597
180620
180644
180652
180653
180654
180658
180659
180673
180675
180676
180679
180685
180686
180701
180703
180710
180713
180719
180721
180726
180742
180744
180746
180747
180751
180753
180758
180764
180787
180793
180795
180798
180813
180814
180838
180840
180853
180863
180868
180898
180902
180906
180907
180910
180920
180921
180931
180943
180947
180953
180956
180967
180970
180974
180980
180983
180988
180992
180999
181002
181012
181020
181021
181030
181035
181041
181049
181055
181057
181065
181079
181090
181112
181120
181129
181139
181140
181142
181145
181147
181148
181151
181155
181158
181172
181175
181182
181218
181221
181222
181230
181235
181242
181247
181257
181262
181271
181280
181281
181319
181324
181325
181330
181331
181339
181342
181357
181364
181365
181375
181412
181413
181415
181428
181446
181449
181453
181459
181460
181464
181466
181487
181490
181495
181503
181507
181535
181544
181551
181563
181565
181571
181572
181575
181578
181588
181589
181599
181600
181604
181608
181610
181614
181615
181618
181626
181630
181632
181635
181636
181637
181643
181646
181675
181678
181680
181686
181699
181708
181715
181724
181729
181736
181747
181764
181773
181781
181784
181789
181794
181826
181832
181839
181843
181850
181857
181862
181869
181881
181883
181888
181889
181897
181903
181939
181956
181960
181970
181978
181981
181993
181999
182014
182016
182025
182031
182034
182036
182041
182050
182062
182068
182070
182073
182075
182077
182078
182084
182103
182112
182126
182129
182130
182143
182149
182156
182157
182158
182160
182164
182181
182188
182201
182204
182205
182207
182221
182225
182226
182232
182235
182237
182241
182242
182247
182252
182258
182265
182278
182282
182299
182313
182314
182326
182332
182351
182352
182354
182358
182362
182365
182370
182372
182377
182389
182397
182421
182434
182442
182443
182452
182458
182459
182476
182488
182492
182494
182501
182502
182506
182524
182527
182540
182545
182561
182566
182572
182587
182598
182609
182632
182649
182651
182676
182677
182678
182687
182693
182696
182710
182716
182722
182733
182738
182746
182750
182753
182763
182776
182783
182802
182803
182804
182810
182827
182828
182830
182833
182837
182840
182841
182842
182847
182860
182874
182880
182889
182897
182901
182908
182909
182912
182914
182919
182926
182960
182961
182967
182969
182970
182971
182976
182979
182985
182993
182995
182998
183018
183024
183027
183030
183034
183036
183043
183044
183049
183050
183056
183063
183065
183080
183113
183120
183124
183132
183142
183149
183152
183158
183162
183172
183173
183175
183197
183208
183214
183215
183237
183252
183255
183258
183260
183266
183272
183300
183330
183332
183345
183349
183353
183355
183356
183365
183368
183372
183384
183385
183396
183414
183425
183437
183441
183457
183485
183489
183492
183495
183498
183502
183504
183514
183524
183528
183545
183553
183554
183557
183579
183587
183595
183603
183616
183622
183627
183638
183647
183651
183680
183684
183690
183695
183698
183699
183701
183704
183733
183745
183770
183774
183777
183802
183821
183823
183824
183839
183842
183843
183850
183851
183865
183885
183896
183903
183913
183917
183923
183926
183927
183947
183961
183964
183977
183981
183984
184001
184009
184014
184018
184024
184031
184041
184053
184056
184057
184060
184072
184082
184084
184095
184119
184177
184179
184186
184189
184191
184227
184233
184238
184250
184253
184254
184255
184260
184262
184268
184279
184281
184308
184313
184320
184321
184322
184324
184327
184360
184365
184381
184384
184391
184399
184401
184405
184406
184412
184426
184438
184445
184446
184447
184456
184459
184478
184490
184491
184492
184496
184505
184510
184515
184519
184525
184531
184534
184551
184552
184556
184558
184562
184564
184588
184601
184621
184622
184625
184626
184627
184632
184640
184643
184645
184647
184658
184669
184673
184674
184695
184697
184709
184710
184716
184755
184759
184760
184764
184767
184777
184782
184790
184797
184798
184827
184830
184832
184834
184837
184846
184847
184857
184859
184865
184868
184875
184897
184949
184984
184986
184988
185005
185008
185009
185020
185023
185048
185049
185052
185055
185062
185070
185071
185075
185081
185085
185096
185108
185112
185114
185121
185129
185149
185151
185160
185163
185177
185179
185182
185193
185194
185217
185233
185247
185252
185255
185256
185257
185262
185266
185270
185274
185278
185283
185285
185296
185301
185304
185306
185310
185314
185320
185324
185330
185333
185340
185351
185352
185354
185355
185373
185374
185381
185382
185396
185408
185414
185423
185429
185434
185459
185466
185467
185470
185478
185487
185491
185514
185525
185542
185574
185578
185579
185580
185582
185590
185601
185603
185616
185624
185627
185632
185633
185637
185642
185657
185666
185667
185672
185691
185696
185700
185701
185709
185716
185723
185731
185742
185745
185749
185752
185756
185809
185810
185811
185813
185818
185820
185822
185824
185828
185839
185848
185861
185872
185886
185899
185900
185902
185908
185909
185926
185928
185929
185944
185952
185953
185954
185965
185966
185967
185974
185984
186005
186017
186020
186023
186028
186029
186037
186057
186070
186072
186082
186085
186103
186115
186122
186127
186151
186154
186155
186160
186167
186172
186177
186182
186183
186184
186187
186191
186201
186208
186234
186246
186247
186249
186262
186265
186272
186279
186283
186291
186298
186301
186307
186310
186313
186328
186331
186336
186338
186345
186346
186349
186353
186355
186379
186381
186384
186385
186386
186392
186394
186399
186402
186416
186417
186422
186424
186436
186437
186446
186448
186450
186455
186456
186466
186470
186483
186495
186500
186509
186511
186520
186532
186553
186565
186574
186577
186579
186588
186589
186593
186598
186609
186613
186621
186622
186636
186642
186648
186649
186660
186665
186673
186674
186689
186695
186700
186701
186705
186709
186711
186719
186725
186726
186727
186739
186759
186769
186771
186789
186799
186805
186813
186815
186816
186819
186832
186839
186845
186849
186851
186857
186858
186871
186874
186875
186880
186888
186891
186899
186903
186940
186941
186947
186953
186959
186962
186966
186969
186985
186987
186989
186993
187015
187025
187035
187040
187042
187048
187071
187072
187073
187074
187082
187085
187089
187101
187116
187117
187118
187124
187131
187135
187145
187148
187151
187153
187160
187171
187184
187195
187203
187209
187228
187229
187233
187240
187242
187253
187258
187264
187271
187288
187292
187294
187299
187301
187302
187313
187339
187343
187344
187348
187351
187397
187410
187429
187434
187439
187450
187454
187455
187458
187468
187473
187490
187491
187494
187503
187505
187509
187513
187516
187523
187524
187525
187547
187549
187552
187555
187557
187558
187567
187569
187581
187598
187610
187624
187629
187631
187637
187638
187643
187668
187670
187674
187693
187727
187729
187733
187736
187738
187748
187752
187773
187780
187794
187805
187819
187831
187835
187842
187845
187847
187848
187852
187867
187871
187876
187878
187888
187889
187903
187904
187907
187908
187911
187912
187913
187916
187918
187941
187945
187961
187964
187968
187969
187982
187987
187991
187993
188005
188012
188031
188035
188043
188045
188054
188070
188071
188078
188096
188098
188102
188104
188122
188125
188126
188129
188130
188133
188134
188141
188162
188163
188177
188178
188179
188180
188185
188188
188189
188210
188222
188236
188247
188252
188257
188262
188285
188293
188300
188304
188305
188312
188339
188341
188372
188385
188392
188402
188403
188404
188415
188417
188423
188454
188460
188467
188485
188511
188516
188543
188545
188547
188554
188555
188559
188561
188565
188572
188587
188596
188599
188601
188602
188616
188623
188632
188634
188637
188641
188658
188684
188686
188689
188734
188744
188758
188765
188766
188767
188795
188799
188803
188818
188828
188839
188840
188841
188844
188847
188848
188850
188852
188869
188870
188874
188881
188892
188901
188903
188918
188922
188927
188929
188933
188943
188965
188968
188973
188977
188978
188981
188986
189005
189011
189012
189036
189038
189045
189052
189066
189078
189080
189086
189090
189111
189112
189116
189138
189141
189142
189143
189145
189147
189149
189150
189152
189154
189156
189158
189170
189171
189176
189177
189198
189199
189215
189219
189231
189233
189235
189237
189239
189247
189249
189254
189258
189259
189262
189266
189274
189283
189293
189295
189297
189303
189304
189305
189306
189310
189340
189357
189363
189365
189366
189374
189377
189386
189407
189434
189439
189440
189445
189446
189450
189471
189482
189485
189489
189490
189506
189510
189515
189516
189519
189526
189528
189543
189549
189550
189557
189560
189561
189570
189587
189597
189598
189605
189607
189611
189614
189630
189642
189643
189644
189656
189658
189659
189666
189682
189690
189691
189694
189696
189699
189719
189750
189752
189759
189760
189766
189767
189769
189772
189774
189788
189796
189798
189802
189803
189805
189806
189810
189819
189821
189822
189833
189838
189844
189857
189859
189860
189872
189915
189940
189944
189945
189946
189968
189975
189979
189981
189990
189993
190001
190011
190028
190033
190073
190080
190083
190090
190092
190108
190122
190124
190136
190137
190141
190144
190152
190160
190161
190163
190174
190180
190211
190227
190232
190241
190250
190254
190257
190258
190259
190264
190268
190269
190278
190284
190293
190296
190298
190302
190304
190308
190309
190311
190314
190321
190333
190337
190347
190350
190356
190372
190378
190379
190391
190398
190422
190429
190431
190435
190455
190457
190479
190489
190492
190509
190515
190532
190533
190543
190553
190584
190616
190618
190619
190620
190630
190631
190661
190688
190692
190700
190704
190725
190738
190743
190744
190748
190751
190757
190769
190790
190801
190818
190831
190837
190839
190855
190856
190862
190865
190868
190870
190871
190873
190875
190876
190877
190893
190894
190910
190921
190925
190926
190933
190938
190941
190947
190958
190965
190976
190978
190980
190982
190992
190998
191007
191008
191015
191021
191034
191045
191061
191072
191084
191090
191097
191125
191148
191164
191172
191179
191190
191192
191215
191216
191217
191236
191238
191243
191246
191256
191273
191274
191279
191286
191296
191300
191302
191309
191322
191325
191327
191329
191337
191340
191341
191362
191367
191368
191372
191381
191385
191386
191389
191409
191412
191423
191437
191444
191491
191497
191511
191520
191521
191534
191543
191551
191556
191565
191566
191570
191581
191584
191586
191588
191589
191590
191591
191592
191593
191595
191598
191623
191625
191627
191628
191645
191650
191653
191654
191659
191665
191666
191667
191673
191681
191689
191692
191704
191723
191725
191731
191739
191747
191766
191768
191774
191796
191798
191805
191819
191832
191838
191847
191873
191874
191876
191905
191912
191931
191937
191938
191948
191950
191953
191955
191956
191959
191973
191990
192037
192042
192044
192051
192072
192073
192087
192089
192127
192150
192151
192156
192159
192170
192183
192202
192211
192212
192215
192224
192231
192251
192255
192266
192267
192273
192298
192370
192419
192428
192458
192532
